# OpenSignals Text File Format. Version 1
# {"0C:43:14:1C:2A:08": {"position": 0, "device": "bitalino_rev", "device name": "0C:43:14:1C:2A:08", "device connection": "BTH0C:43:14:1C:2A:08", "sampling rate": 100, "resolution": [4, 1, 1, 1, 1, 10], "firmware version": 1282, "comments": "", "keywords": "", "mode": 0, "sync interval": 2, "date": "2026-5-8", "time": "15:17:1.960", "channels": [4], "sensor": ["EEGBITREV"], "label": ["A4"], "column": ["nSeq", "I1", "I2", "O1", "O2", "A4"], "special": [{}], "digital IO": [0, 0, 1, 1]}}
# EndOfHeader
0	0	0	0	0	438	
1	0	0	0	0	468	
2	0	0	0	0	424	
3	0	0	0	0	471	
4	0	0	0	0	464	
5	0	0	0	0	477	
6	0	0	0	0	470	
7	0	0	0	0	536	
8	0	0	0	0	451	
9	0	0	0	0	438	
10	0	0	0	0	433	
11	0	0	0	0	431	
12	0	0	0	0	365	
13	0	0	0	0	380	
14	0	0	0	0	353	
15	0	0	0	0	336	
0	0	0	0	0	457	
1	0	0	0	0	399	
2	0	0	0	0	376	
3	0	0	0	0	364	
4	0	0	0	0	360	
5	0	0	0	0	428	
6	0	0	0	0	435	
7	0	0	0	0	382	
8	0	0	0	0	460	
9	0	0	0	0	444	
10	0	0	0	0	422	
11	0	0	0	0	423	
12	0	0	0	0	366	
13	0	0	0	0	435	
14	0	0	0	0	425	
15	0	0	0	0	437	
0	0	0	0	0	390	
1	0	0	0	0	480	
2	0	0	0	0	556	
3	0	0	0	0	540	
4	0	0	0	0	505	
5	0	0	0	0	528	
6	0	0	0	0	515	
7	0	0	0	0	562	
8	0	0	0	0	509	
9	0	0	0	0	479	
10	0	0	0	0	550	
11	0	0	0	0	545	
12	0	0	0	0	556	
13	0	0	0	0	508	
14	0	0	0	0	468	
15	0	0	0	0	535	
0	0	0	0	0	548	
1	0	0	0	0	507	
2	0	0	0	0	493	
3	0	0	0	0	509	
4	0	0	0	0	534	
5	0	0	0	0	454	
6	0	0	0	0	589	
7	0	0	0	0	611	
8	0	0	0	0	495	
9	0	0	0	0	536	
10	0	0	0	0	596	
11	0	0	0	0	561	
12	0	0	0	0	540	
13	0	0	0	0	587	
14	0	0	0	0	578	
15	0	0	0	0	594	
0	0	0	0	0	622	
1	0	0	0	0	594	
2	0	0	0	0	663	
3	0	0	0	0	554	
4	0	0	0	0	524	
5	0	0	0	0	493	
6	0	0	0	0	429	
7	0	0	0	0	508	
8	0	0	0	0	446	
9	0	0	0	0	476	
10	0	0	0	0	496	
11	0	0	0	0	473	
12	0	0	0	0	476	
13	0	0	0	0	507	
14	0	0	0	0	508	
15	0	0	0	0	536	
0	0	0	0	0	525	
1	0	0	0	0	540	
2	0	0	0	0	490	
3	0	0	0	0	448	
4	0	0	0	0	484	
5	0	0	0	0	486	
6	0	0	0	0	472	
7	0	0	0	0	475	
8	0	0	0	0	557	
9	0	0	0	0	527	
10	0	0	0	0	590	
11	0	0	0	0	552	
12	0	0	0	0	543	
13	0	0	0	0	506	
14	0	0	0	0	481	
15	0	0	0	0	476	
0	0	0	0	0	558	
1	0	0	0	0	549	
2	0	0	0	0	589	
3	0	0	0	0	524	
4	0	0	0	0	532	
5	0	0	0	0	524	
6	0	0	0	0	563	
7	0	0	0	0	496	
8	0	0	0	0	488	
9	0	0	0	0	498	
10	0	0	0	0	507	
11	0	0	0	0	485	
12	0	0	0	0	487	
13	0	0	0	0	491	
14	0	0	0	0	513	
15	0	0	0	0	465	
0	0	0	0	0	416	
1	0	0	0	0	487	
2	0	0	0	0	502	
3	0	0	0	0	507	
4	0	0	0	0	505	
5	0	0	0	0	546	
6	0	0	0	0	478	
7	0	0	0	0	506	
8	0	0	0	0	506	
9	0	0	0	0	481	
10	0	0	0	0	602	
11	0	0	0	0	525	
12	0	0	0	0	551	
13	0	0	0	0	584	
14	0	0	0	0	531	
15	0	0	0	0	558	
0	0	0	0	0	593	
1	0	0	0	0	533	
2	0	0	0	0	566	
3	0	0	0	0	541	
4	0	0	0	0	541	
5	0	0	0	0	469	
6	0	0	0	0	521	
7	0	0	0	0	549	
8	0	0	0	0	550	
9	0	0	0	0	514	
10	0	0	0	0	517	
11	0	0	0	0	479	
12	0	0	0	0	490	
13	0	0	0	0	548	
14	0	0	0	0	563	
15	0	0	0	0	539	
0	0	0	0	0	593	
1	0	0	0	0	538	
2	0	0	0	0	501	
3	0	0	0	0	501	
4	0	0	0	0	497	
5	0	0	0	0	463	
6	0	0	0	0	449	
7	0	0	0	0	484	
8	0	0	0	0	515	
9	0	0	0	0	497	
10	0	0	0	0	438	
11	0	0	0	0	504	
12	0	0	0	0	447	
13	0	0	0	0	486	
14	0	0	0	0	441	
15	0	0	0	0	436	
0	0	0	0	0	449	
1	0	0	0	0	472	
2	0	0	0	0	470	
3	0	0	0	0	506	
4	0	0	0	0	484	
5	0	0	0	0	501	
6	0	0	0	0	460	
7	0	0	0	0	503	
8	0	0	0	0	547	
9	0	0	0	0	534	
10	0	0	0	0	543	
11	0	0	0	0	555	
12	0	0	0	0	535	
13	0	0	0	0	548	
14	0	0	0	0	534	
15	0	0	0	0	477	
0	0	0	0	0	534	
1	0	0	0	0	544	
2	0	0	0	0	523	
3	0	0	0	0	545	
4	0	0	0	0	510	
5	0	0	0	0	528	
6	0	0	0	0	565	
7	0	0	0	0	547	
8	0	0	0	0	504	
9	0	0	0	0	471	
10	0	0	0	0	510	
11	0	0	0	0	577	
12	0	0	0	0	666	
13	0	0	0	0	712	
14	0	0	0	0	784	
15	0	0	0	0	834	
0	0	0	0	0	792	
1	0	0	0	0	779	
2	0	0	0	0	739	
3	0	0	0	0	650	
4	0	0	0	0	661	
5	0	0	0	0	631	
6	0	0	0	0	588	
7	0	0	0	0	572	
8	0	0	0	0	593	
9	0	0	0	0	511	
10	0	0	0	0	546	
11	0	0	0	0	497	
12	0	0	0	0	430	
13	0	0	0	0	438	
14	0	0	0	0	519	
15	0	0	0	0	414	
0	0	0	0	0	436	
1	0	0	0	0	434	
2	0	0	0	0	447	
3	0	0	0	0	490	
4	0	0	0	0	452	
5	0	0	0	0	549	
6	0	0	0	0	574	
7	0	0	0	0	519	
8	0	0	0	0	481	
9	0	0	0	0	440	
10	0	0	0	0	465	
11	0	0	0	0	478	
12	0	0	0	0	420	
13	0	0	0	0	414	
14	0	0	0	0	457	
15	0	0	0	0	588	
0	0	0	0	0	558	
1	0	0	0	0	551	
2	0	0	0	0	507	
3	0	0	0	0	521	
4	0	0	0	0	591	
5	0	0	0	0	521	
6	0	0	0	0	489	
7	0	0	0	0	547	
8	0	0	0	0	519	
9	0	0	0	0	460	
10	0	0	0	0	476	
11	0	0	0	0	460	
12	0	0	0	0	468	
13	0	0	0	0	469	
14	0	0	0	0	506	
15	0	0	0	0	516	
0	0	0	0	0	480	
1	0	0	0	0	515	
2	0	0	0	0	499	
3	0	0	0	0	494	
4	0	0	0	0	519	
5	0	0	0	0	510	
6	0	0	0	0	537	
7	0	0	0	0	532	
8	0	0	0	0	527	
9	0	0	0	0	460	
10	0	0	0	0	423	
11	0	0	0	0	514	
12	0	0	0	0	422	
13	0	0	0	0	431	
14	0	0	0	0	515	
15	0	0	0	0	454	
0	0	0	0	0	454	
1	0	0	0	0	435	
2	0	0	0	0	411	
3	0	0	0	0	351	
4	0	0	0	0	420	
5	0	0	0	0	407	
6	0	0	0	0	423	
7	0	0	0	0	438	
8	0	0	0	0	436	
9	0	0	0	0	439	
10	0	0	0	0	446	
11	0	0	0	0	441	
12	0	0	0	0	379	
13	0	0	0	0	338	
14	0	0	0	0	376	
15	0	0	0	0	389	
0	0	0	0	0	389	
1	0	0	0	0	449	
2	0	0	0	0	447	
3	0	0	0	0	465	
4	0	0	0	0	377	
5	0	0	0	0	363	
6	0	0	0	0	387	
7	0	0	0	0	386	
8	0	0	0	0	384	
9	0	0	0	0	434	
10	0	0	0	0	486	
11	0	0	0	0	483	
12	0	0	0	0	459	
13	0	0	0	0	482	
14	0	0	0	0	465	
15	0	0	0	0	480	
0	0	0	0	0	437	
1	0	0	0	0	486	
2	0	0	0	0	499	
3	0	0	0	0	490	
4	0	0	0	0	432	
5	0	0	0	0	432	
6	0	0	0	0	434	
7	0	0	0	0	447	
8	0	0	0	0	536	
9	0	0	0	0	537	
10	0	0	0	0	547	
11	0	0	0	0	584	
12	0	0	0	0	578	
13	0	0	0	0	566	
14	0	0	0	0	574	
15	0	0	0	0	567	
0	0	0	0	0	485	
1	0	0	0	0	515	
2	0	0	0	0	484	
3	0	0	0	0	541	
4	0	0	0	0	571	
5	0	0	0	0	554	
6	0	0	0	0	518	
7	0	0	0	0	501	
8	0	0	0	0	542	
9	0	0	0	0	535	
10	0	0	0	0	459	
11	0	0	0	0	522	
12	0	0	0	0	556	
13	0	0	0	0	577	
14	0	0	0	0	543	
15	0	0	0	0	539	
0	0	0	0	0	450	
1	0	0	0	0	420	
2	0	0	0	0	440	
3	0	0	0	0	471	
4	0	0	0	0	418	
5	0	0	0	0	437	
6	0	0	0	0	492	
7	0	0	0	0	492	
8	0	0	0	0	572	
9	0	0	0	0	591	
10	0	0	0	0	484	
11	0	0	0	0	517	
12	0	0	0	0	491	
13	0	0	0	0	515	
14	0	0	0	0	519	
15	0	0	0	0	593	
0	0	0	0	0	598	
1	0	0	0	0	652	
2	0	0	0	0	603	
3	0	0	0	0	583	
4	0	0	0	0	573	
5	0	0	0	0	584	
6	0	0	0	0	561	
7	0	0	0	0	693	
8	0	0	0	0	610	
9	0	0	0	0	553	
10	0	0	0	0	579	
11	0	0	0	0	523	
12	0	0	0	0	538	
13	0	0	0	0	612	
14	0	0	0	0	551	
15	0	0	0	0	591	
0	0	0	0	0	639	
1	0	0	0	0	627	
2	0	0	0	0	602	
3	0	0	0	0	566	
4	0	0	0	0	596	
5	0	0	0	0	628	
6	0	0	0	0	658	
7	0	0	0	0	568	
8	0	0	0	0	605	
9	0	0	0	0	601	
10	0	0	0	0	576	
11	0	0	0	0	657	
12	0	0	0	0	595	
13	0	0	0	0	615	
14	0	0	0	0	612	
15	0	0	0	0	516	
0	0	0	0	0	514	
1	0	0	0	0	418	
2	0	0	0	0	403	
3	0	0	0	0	468	
4	0	0	0	0	395	
5	0	0	0	0	380	
6	0	0	0	0	367	
7	0	0	0	0	427	
8	0	0	0	0	437	
9	0	0	0	0	462	
10	0	0	0	0	437	
11	0	0	0	0	485	
12	0	0	0	0	450	
13	0	0	0	0	449	
14	0	0	0	0	479	
15	0	0	0	0	414	
0	0	0	0	0	470	
1	0	0	0	0	452	
2	0	0	0	0	470	
3	0	0	0	0	407	
4	0	0	0	0	620	
5	0	0	0	0	665	
6	0	0	0	0	808	
7	0	0	0	0	840	
8	0	0	0	0	824	
9	0	0	0	0	827	
10	0	0	0	0	747	
11	0	0	0	0	733	
12	0	0	0	0	773	
13	0	0	0	0	657	
14	0	0	0	0	659	
15	0	0	0	0	622	
0	0	0	0	0	615	
1	0	0	0	0	609	
2	0	0	0	0	535	
3	0	0	0	0	591	
4	0	0	0	0	585	
5	0	0	0	0	579	
6	0	0	0	0	633	
7	0	0	0	0	559	
8	0	0	0	0	548	
9	0	0	0	0	577	
10	0	0	0	0	510	
11	0	0	0	0	525	
12	0	0	0	0	439	
13	0	0	0	0	423	
14	0	0	0	0	494	
15	0	0	0	0	514	
0	0	0	0	0	430	
1	0	0	0	0	360	
2	0	0	0	0	390	
3	0	0	0	0	377	
4	0	0	0	0	447	
5	0	0	0	0	463	
6	0	0	0	0	427	
7	0	0	0	0	472	
8	0	0	0	0	465	
9	0	0	0	0	450	
10	0	0	0	0	480	
11	0	0	0	0	415	
12	0	0	0	0	457	
13	0	0	0	0	592	
14	0	0	0	0	603	
15	0	0	0	0	648	
0	0	0	0	0	629	
1	0	0	0	0	616	
2	0	0	0	0	579	
3	0	0	0	0	580	
4	0	0	0	0	655	
5	0	0	0	0	584	
6	0	0	0	0	566	
7	0	0	0	0	558	
8	0	0	0	0	574	
9	0	0	0	0	529	
10	0	0	0	0	457	
11	0	0	0	0	558	
12	0	0	0	0	561	
13	0	0	0	0	519	
14	0	0	0	0	533	
15	0	0	0	0	539	
0	0	0	0	0	562	
1	0	0	0	0	440	
2	0	0	0	0	457	
3	0	0	0	0	452	
4	0	0	0	0	417	
5	0	0	0	0	485	
6	0	0	0	0	505	
7	0	0	0	0	439	
8	0	0	0	0	386	
9	0	0	0	0	282	
10	0	0	0	0	258	
11	0	0	0	0	229	
12	0	0	0	0	243	
13	0	0	0	0	225	
14	0	0	0	0	294	
15	0	0	0	0	347	
0	0	0	0	0	263	
1	0	0	0	0	333	
2	0	0	0	0	342	
3	0	0	0	0	284	
4	0	0	0	0	335	
5	0	0	0	0	375	
6	0	0	0	0	278	
7	0	0	0	0	378	
8	0	0	0	0	407	
9	0	0	0	0	385	
10	0	0	0	0	447	
11	0	0	0	0	480	
12	0	0	0	0	566	
13	0	0	0	0	556	
14	0	0	0	0	599	
15	0	0	0	0	648	
0	0	0	0	0	635	
1	0	0	0	0	672	
2	0	0	0	0	678	
3	0	0	0	0	623	
4	0	0	0	0	620	
5	0	0	0	0	627	
6	0	0	0	0	697	
7	0	0	0	0	575	
8	0	0	0	0	593	
9	0	0	0	0	610	
10	0	0	0	0	533	
11	0	0	0	0	614	
12	0	0	0	0	612	
13	0	0	0	0	568	
14	0	0	0	0	471	
15	0	0	0	0	495	
0	0	0	0	0	421	
1	0	0	0	0	343	
2	0	0	0	0	342	
3	0	0	0	0	305	
4	0	0	0	0	336	
5	0	0	0	0	300	
6	0	0	0	0	348	
7	0	0	0	0	401	
8	0	0	0	0	344	
9	0	0	0	0	397	
10	0	0	0	0	340	
11	0	0	0	0	413	
12	0	0	0	0	491	
13	0	0	0	0	466	
14	0	0	0	0	488	
15	0	0	0	0	472	
0	0	0	0	0	380	
1	0	0	0	0	487	
2	0	0	0	0	531	
3	0	0	0	0	529	
4	0	0	0	0	481	
5	0	0	0	0	508	
6	0	0	0	0	447	
7	0	0	0	0	476	
8	0	0	0	0	500	
9	0	0	0	0	491	
10	0	0	0	0	455	
11	0	0	0	0	470	
12	0	0	0	0	551	
13	0	0	0	0	480	
14	0	0	0	0	466	
15	0	0	0	0	502	
0	0	0	0	0	476	
1	0	0	0	0	480	
2	0	0	0	0	508	
3	0	0	0	0	599	
4	0	0	0	0	493	
5	0	0	0	0	476	
6	0	0	0	0	492	
7	0	0	0	0	478	
8	0	0	0	0	514	
9	0	0	0	0	472	
10	0	0	0	0	487	
11	0	0	0	0	557	
12	0	0	0	0	412	
13	0	0	0	0	493	
14	0	0	0	0	591	
15	0	0	0	0	632	
0	0	0	0	0	696	
1	0	0	0	0	749	
2	0	0	0	0	755	
3	0	0	0	0	748	
4	0	0	0	0	760	
5	0	0	0	0	664	
6	0	0	0	0	691	
7	0	0	0	0	724	
8	0	0	0	0	607	
9	0	0	0	0	581	
10	0	0	0	0	480	
11	0	0	0	0	510	
12	0	0	0	0	537	
13	0	0	0	0	469	
14	0	0	0	0	492	
15	0	0	0	0	443	
0	0	0	0	0	439	
1	0	0	0	0	441	
2	0	0	0	0	491	
3	0	0	0	0	395	
4	0	0	0	0	475	
5	0	0	0	0	558	
6	0	0	0	0	422	
7	0	0	0	0	490	
8	0	0	0	0	471	
9	0	0	0	0	482	
10	0	0	0	0	577	
11	0	0	0	0	574	
12	0	0	0	0	523	
13	0	0	0	0	536	
14	0	0	0	0	528	
15	0	0	0	0	533	
0	0	0	0	0	628	
1	0	0	0	0	569	
2	0	0	0	0	504	
3	0	0	0	0	523	
4	0	0	0	0	550	
5	0	0	0	0	478	
6	0	0	0	0	517	
7	0	0	0	0	552	
8	0	0	0	0	485	
9	0	0	0	0	547	
10	0	0	0	0	541	
11	0	0	0	0	589	
12	0	0	0	0	575	
13	0	0	0	0	504	
14	0	0	0	0	564	
15	0	0	0	0	581	
0	0	0	0	0	527	
1	0	0	0	0	556	
2	0	0	0	0	523	
3	0	0	0	0	536	
4	0	0	0	0	598	
5	0	0	0	0	508	
6	0	0	0	0	543	
7	0	0	0	0	584	
8	0	0	0	0	632	
9	0	0	0	0	587	
10	0	0	0	0	617	
11	0	0	0	0	581	
12	0	0	0	0	576	
13	0	0	0	0	590	
14	0	0	0	0	640	
15	0	0	0	0	587	
0	0	0	0	0	527	
1	0	0	0	0	598	
2	0	0	0	0	596	
3	0	0	0	0	511	
4	0	0	0	0	458	
5	0	0	0	0	449	
6	0	0	0	0	433	
7	0	0	0	0	420	
8	0	0	0	0	446	
9	0	0	0	0	415	
10	0	0	0	0	474	
11	0	0	0	0	447	
12	0	0	0	0	455	
13	0	0	0	0	503	
14	0	0	0	0	434	
15	0	0	0	0	411	
0	0	0	0	0	452	
1	0	0	0	0	329	
2	0	0	0	0	326	
3	0	0	0	0	370	
4	0	0	0	0	368	
5	0	0	0	0	401	
6	0	0	0	0	284	
7	0	0	0	0	272	
8	0	0	0	0	273	
9	0	0	0	0	473	
10	0	0	0	0	388	
11	0	0	0	0	494	
12	0	0	0	0	467	
13	0	0	0	0	492	
14	0	0	0	0	565	
15	0	0	0	0	591	
0	0	0	0	0	614	
1	0	0	0	0	482	
2	0	0	0	0	572	
3	0	0	0	0	697	
4	0	0	0	0	562	
5	0	0	0	0	617	
6	0	0	0	0	655	
7	0	0	0	0	501	
8	0	0	0	0	563	
9	0	0	0	0	553	
10	0	0	0	0	591	
11	0	0	0	0	564	
12	0	0	0	0	551	
13	0	0	0	0	457	
14	0	0	0	0	418	
15	0	0	0	0	401	
0	0	0	0	0	395	
1	0	0	0	0	404	
2	0	0	0	0	389	
3	0	0	0	0	489	
4	0	0	0	0	467	
5	0	0	0	0	484	
6	0	0	0	0	406	
7	0	0	0	0	476	
8	0	0	0	0	408	
9	0	0	0	0	468	
10	0	0	0	0	527	
11	0	0	0	0	570	
12	0	0	0	0	546	
13	0	0	0	0	575	
14	0	0	0	0	607	
15	0	0	0	0	452	
0	0	0	0	0	536	
1	0	0	0	0	553	
2	0	0	0	0	505	
3	0	0	0	0	611	
4	0	0	0	0	599	
5	0	0	0	0	542	
6	0	0	0	0	706	
7	0	0	0	0	644	
8	0	0	0	0	649	
9	0	0	0	0	612	
10	0	0	0	0	555	
11	0	0	0	0	536	
12	0	0	0	0	572	
13	0	0	0	0	557	
14	0	0	0	0	510	
15	0	0	0	0	567	
0	0	0	0	0	520	
1	0	0	0	0	501	
2	0	0	0	0	505	
3	0	0	0	0	478	
4	0	0	0	0	575	
5	0	0	0	0	597	
6	0	0	0	0	564	
7	0	0	0	0	627	
8	0	0	0	0	601	
9	0	0	0	0	579	
10	0	0	0	0	575	
11	0	0	0	0	552	
12	0	0	0	0	628	
13	0	0	0	0	578	
14	0	0	0	0	591	
15	0	0	0	0	512	
0	0	0	0	0	651	
1	0	0	0	0	492	
2	0	0	0	0	427	
3	0	0	0	0	466	
4	0	0	0	0	464	
5	0	0	0	0	479	
6	0	0	0	0	502	
7	0	0	0	0	494	
8	0	0	0	0	537	
9	0	0	0	0	535	
10	0	0	0	0	495	
11	0	0	0	0	597	
12	0	0	0	0	671	
13	0	0	0	0	638	
14	0	0	0	0	610	
15	0	0	0	0	630	
0	0	0	0	0	712	
1	0	0	0	0	611	
2	0	0	0	0	600	
3	0	0	0	0	593	
4	0	0	0	0	601	
5	0	0	0	0	481	
6	0	0	0	0	498	
7	0	0	0	0	547	
8	0	0	0	0	524	
9	0	0	0	0	484	
10	0	0	0	0	522	
11	0	0	0	0	556	
12	0	0	0	0	531	
13	0	0	0	0	608	
14	0	0	0	0	591	
15	0	0	0	0	569	
0	0	0	0	0	666	
1	0	0	0	0	608	
2	0	0	0	0	699	
3	0	0	0	0	677	
4	0	0	0	0	702	
5	0	0	0	0	712	
6	0	0	0	0	704	
7	0	0	0	0	704	
8	0	0	0	0	742	
9	0	0	0	0	624	
10	0	0	0	0	615	
11	0	0	0	0	695	
12	0	0	0	0	603	
13	0	0	0	0	572	
14	0	0	0	0	664	
15	0	0	0	0	667	
0	0	0	0	0	605	
1	0	0	0	0	558	
2	0	0	0	0	568	
3	0	0	0	0	492	
4	0	0	0	0	510	
5	0	0	0	0	489	
6	0	0	0	0	516	
7	0	0	0	0	532	
8	0	0	0	0	507	
9	0	0	0	0	520	
10	0	0	0	0	431	
11	0	0	0	0	467	
12	0	0	0	0	518	
13	0	0	0	0	480	
14	0	0	0	0	359	
15	0	0	0	0	282	
0	0	0	0	0	259	
1	0	0	0	0	217	
2	0	0	0	0	252	
3	0	0	0	0	274	
4	0	0	0	0	343	
5	0	0	0	0	322	
6	0	0	0	0	286	
7	0	0	0	0	272	
8	0	0	0	0	306	
9	0	0	0	0	300	
10	0	0	0	0	281	
11	0	0	0	0	309	
12	0	0	0	0	324	
13	0	0	0	0	370	
14	0	0	0	0	391	
15	0	0	0	0	371	
0	0	0	0	0	415	
1	0	0	0	0	520	
2	0	0	0	0	519	
3	0	0	0	0	551	
4	0	0	0	0	601	
5	0	0	0	0	520	
6	0	0	0	0	568	
7	0	0	0	0	617	
8	0	0	0	0	548	
9	0	0	0	0	518	
10	0	0	0	0	502	
11	0	0	0	0	444	
12	0	0	0	0	465	
13	0	0	0	0	510	
14	0	0	0	0	503	
15	0	0	0	0	572	
0	0	0	0	0	589	
1	0	0	0	0	507	
2	0	0	0	0	430	
3	0	0	0	0	499	
4	0	0	0	0	457	
5	0	0	0	0	440	
6	0	0	0	0	460	
7	0	0	0	0	444	
8	0	0	0	0	443	
9	0	0	0	0	514	
10	0	0	0	0	436	
11	0	0	0	0	327	
12	0	0	0	0	300	
13	0	0	0	0	263	
14	0	0	0	0	254	
15	0	0	0	0	345	
0	0	0	0	0	363	
1	0	0	0	0	393	
2	0	0	0	0	452	
3	0	0	0	0	367	
4	0	0	0	0	395	
5	0	0	0	0	319	
6	0	0	0	0	340	
7	0	0	0	0	370	
8	0	0	0	0	419	
9	0	0	0	0	326	
10	0	0	0	0	407	
11	0	0	0	0	444	
12	0	0	0	0	485	
13	0	0	0	0	434	
14	0	0	0	0	408	
15	0	0	0	0	365	
0	0	0	0	0	444	
1	0	0	0	0	399	
2	0	0	0	0	382	
3	0	0	0	0	390	
4	0	0	0	0	362	
5	0	0	0	0	287	
6	0	0	0	0	306	
7	0	0	0	0	456	
8	0	0	0	0	538	
9	0	0	0	0	567	
10	0	0	0	0	608	
11	0	0	0	0	583	
12	0	0	0	0	622	
13	0	0	0	0	597	
14	0	0	0	0	585	
15	0	0	0	0	590	
0	0	0	0	0	630	
1	0	0	0	0	563	
2	0	0	0	0	553	
3	0	0	0	0	585	
4	0	0	0	0	534	
5	0	0	0	0	550	
6	0	0	0	0	598	
7	0	0	0	0	464	
8	0	0	0	0	555	
9	0	0	0	0	596	
10	0	0	0	0	539	
11	0	0	0	0	563	
12	0	0	0	0	623	
13	0	0	0	0	576	
14	0	0	0	0	569	
15	0	0	0	0	540	
0	0	0	0	0	517	
1	0	0	0	0	543	
2	0	0	0	0	505	
3	0	0	0	0	441	
4	0	0	0	0	451	
5	0	0	0	0	457	
6	0	0	0	0	445	
7	0	0	0	0	517	
8	0	0	0	0	500	
9	0	0	0	0	505	
10	0	0	0	0	559	
11	0	0	0	0	606	
12	0	0	0	0	524	
13	0	0	0	0	551	
14	0	0	0	0	490	
15	0	0	0	0	517	
0	0	0	0	0	443	
1	0	0	0	0	424	
2	0	0	0	0	420	
3	0	0	0	0	530	
4	0	0	0	0	493	
5	0	0	0	0	498	
6	0	0	0	0	448	
7	0	0	0	0	461	
8	0	0	0	0	448	
9	0	0	0	0	455	
10	0	0	0	0	547	
11	0	0	0	0	489	
12	0	0	0	0	456	
13	0	0	0	0	478	
14	0	0	0	0	500	
15	0	0	0	0	487	
0	0	0	0	0	440	
1	0	0	0	0	366	
2	0	0	0	0	460	
3	0	0	0	0	559	
4	0	0	0	0	557	
5	0	0	0	0	580	
6	0	0	0	0	591	
7	0	0	0	0	576	
8	0	0	0	0	611	
9	0	0	0	0	553	
10	0	0	0	0	614	
11	0	0	0	0	633	
12	0	0	0	0	593	
13	0	0	0	0	508	
14	0	0	0	0	592	
15	0	0	0	0	531	
0	0	0	0	0	506	
1	0	0	0	0	533	
2	0	0	0	0	451	
3	0	0	0	0	395	
4	0	0	0	0	489	
5	0	0	0	0	468	
6	0	0	0	0	407	
7	0	0	0	0	355	
8	0	0	0	0	350	
9	0	0	0	0	391	
10	0	0	0	0	365	
11	0	0	0	0	450	
12	0	0	0	0	411	
13	0	0	0	0	406	
14	0	0	0	0	462	
15	0	0	0	0	446	
0	0	0	0	0	454	
1	0	0	0	0	411	
2	0	0	0	0	441	
3	0	0	0	0	355	
4	0	0	0	0	327	
5	0	0	0	0	327	
6	0	0	0	0	368	
7	0	0	0	0	364	
8	0	0	0	0	419	
9	0	0	0	0	351	
10	0	0	0	0	403	
11	0	0	0	0	419	
12	0	0	0	0	393	
13	0	0	0	0	382	
14	0	0	0	0	368	
15	0	0	0	0	416	
0	0	0	0	0	431	
1	0	0	0	0	478	
2	0	0	0	0	444	
3	0	0	0	0	479	
4	0	0	0	0	527	
5	0	0	0	0	599	
6	0	0	0	0	552	
7	0	0	0	0	536	
8	0	0	0	0	511	
9	0	0	0	0	602	
10	0	0	0	0	567	
11	0	0	0	0	590	
12	0	0	0	0	537	
13	0	0	0	0	491	
14	0	0	0	0	534	
15	0	0	0	0	598	
0	0	0	0	0	648	
1	0	0	0	0	647	
2	0	0	0	0	620	
3	0	0	0	0	616	
4	0	0	0	0	590	
5	0	0	0	0	555	
6	0	0	0	0	542	
7	0	0	0	0	534	
8	0	0	0	0	461	
9	0	0	0	0	533	
10	0	0	0	0	556	
11	0	0	0	0	571	
12	0	0	0	0	558	
13	0	0	0	0	528	
14	0	0	0	0	527	
15	0	0	0	0	548	
0	0	0	0	0	500	
1	0	0	0	0	486	
2	0	0	0	0	518	
3	0	0	0	0	441	
4	0	0	0	0	500	
5	0	0	0	0	495	
6	0	0	0	0	497	
7	0	0	0	0	539	
8	0	0	0	0	537	
9	0	0	0	0	537	
10	0	0	0	0	500	
11	0	0	0	0	600	
12	0	0	0	0	632	
13	0	0	0	0	747	
14	0	0	0	0	704	
15	0	0	0	0	707	
0	0	0	0	0	700	
1	0	0	0	0	629	
2	0	0	0	0	615	
3	0	0	0	0	583	
4	0	0	0	0	661	
5	0	0	0	0	619	
6	0	0	0	0	595	
7	0	0	0	0	675	
8	0	0	0	0	569	
9	0	0	0	0	581	
10	0	0	0	0	604	
11	0	0	0	0	589	
12	0	0	0	0	572	
13	0	0	0	0	563	
14	0	0	0	0	513	
15	0	0	0	0	566	
0	0	0	0	0	599	
1	0	0	0	0	569	
2	0	0	0	0	509	
3	0	0	0	0	562	
4	0	0	0	0	589	
5	0	0	0	0	532	
6	0	0	0	0	444	
7	0	0	0	0	558	
8	0	0	0	0	504	
9	0	0	0	0	551	
10	0	0	0	0	584	
11	0	0	0	0	606	
12	0	0	0	0	467	
13	0	0	0	0	534	
14	0	0	0	0	462	
15	0	0	0	0	471	
0	0	0	0	0	548	
1	0	0	0	0	583	
2	0	0	0	0	558	
3	0	0	0	0	504	
4	0	0	0	0	429	
5	0	0	0	0	471	
6	0	0	0	0	545	
7	0	0	0	0	649	
8	0	0	0	0	681	
9	0	0	0	0	556	
10	0	0	0	0	615	
11	0	0	0	0	690	
12	0	0	0	0	579	
13	0	0	0	0	536	
14	0	0	0	0	575	
15	0	0	0	0	593	
0	0	0	0	0	584	
1	0	0	0	0	566	
2	0	0	0	0	594	
3	0	0	0	0	575	
4	0	0	0	0	536	
5	0	0	0	0	598	
6	0	0	0	0	606	
7	0	0	0	0	563	
8	0	0	0	0	581	
9	0	0	0	0	579	
10	0	0	0	0	503	
11	0	0	0	0	575	
12	0	0	0	0	483	
13	0	0	0	0	525	
14	0	0	0	0	425	
15	0	0	0	0	496	
0	0	0	0	0	412	
1	0	0	0	0	439	
2	0	0	0	0	547	
3	0	0	0	0	488	
4	0	0	0	0	451	
5	0	0	0	0	499	
6	0	0	0	0	487	
7	0	0	0	0	433	
8	0	0	0	0	524	
9	0	0	0	0	531	
10	0	0	0	0	390	
11	0	0	0	0	426	
12	0	0	0	0	403	
13	0	0	0	0	419	
14	0	0	0	0	411	
15	0	0	0	0	404	
0	0	0	0	0	431	
1	0	0	0	0	477	
2	0	0	0	0	447	
3	0	0	0	0	460	
4	0	0	0	0	528	
5	0	0	0	0	547	
6	0	0	0	0	545	
7	0	0	0	0	558	
8	0	0	0	0	544	
9	0	0	0	0	554	
10	0	0	0	0	553	
11	0	0	0	0	550	
12	0	0	0	0	583	
13	0	0	0	0	556	
14	0	0	0	0	553	
15	0	0	0	0	554	
0	0	0	0	0	494	
1	0	0	0	0	531	
2	0	0	0	0	582	
3	0	0	0	0	561	
4	0	0	0	0	538	
5	0	0	0	0	519	
6	0	0	0	0	531	
7	0	0	0	0	586	
8	0	0	0	0	525	
9	0	0	0	0	496	
10	0	0	0	0	470	
11	0	0	0	0	462	
12	0	0	0	0	462	
13	0	0	0	0	448	
14	0	0	0	0	444	
15	0	0	0	0	489	
0	0	0	0	0	494	
1	0	0	0	0	406	
2	0	0	0	0	429	
3	0	0	0	0	449	
4	0	0	0	0	471	
5	0	0	0	0	449	
6	0	0	0	0	465	
7	0	0	0	0	493	
8	0	0	0	0	473	
9	0	0	0	0	547	
10	0	0	0	0	545	
11	0	0	0	0	539	
12	0	0	0	0	530	
13	0	0	0	0	523	
14	0	0	0	0	505	
15	0	0	0	0	581	
0	0	0	0	0	538	
1	0	0	0	0	441	
2	0	0	0	0	488	
3	0	0	0	0	443	
4	0	0	0	0	373	
5	0	0	0	0	392	
6	0	0	0	0	419	
7	0	0	0	0	423	
8	0	0	0	0	444	
9	0	0	0	0	468	
10	0	0	0	0	402	
11	0	0	0	0	356	
12	0	0	0	0	457	
13	0	0	0	0	444	
14	0	0	0	0	450	
15	0	0	0	0	540	
0	0	0	0	0	514	
1	0	0	0	0	460	
2	0	0	0	0	462	
3	0	0	0	0	571	
4	0	0	0	0	608	
5	0	0	0	0	596	
6	0	0	0	0	554	
7	0	0	0	0	539	
8	0	0	0	0	619	
9	0	0	0	0	559	
10	0	0	0	0	533	
11	0	0	0	0	528	
12	0	0	0	0	456	
13	0	0	0	0	460	
14	0	0	0	0	504	
15	0	0	0	0	452	
0	0	0	0	0	543	
1	0	0	0	0	489	
2	0	0	0	0	460	
3	0	0	0	0	524	
4	0	0	0	0	551	
5	0	0	0	0	479	
6	0	0	0	0	474	
7	0	0	0	0	576	
8	0	0	0	0	558	
9	0	0	0	0	558	
10	0	0	0	0	553	
11	0	0	0	0	621	
12	0	0	0	0	594	
13	0	0	0	0	571	
14	0	0	0	0	576	
15	0	0	0	0	545	
0	0	0	0	0	578	
1	0	0	0	0	616	
2	0	0	0	0	594	
3	0	0	0	0	580	
4	0	0	0	0	544	
5	0	0	0	0	478	
6	0	0	0	0	500	
7	0	0	0	0	492	
8	0	0	0	0	451	
9	0	0	0	0	410	
10	0	0	0	0	606	
11	0	0	0	0	674	
12	0	0	0	0	704	
13	0	0	0	0	732	
14	0	0	0	0	674	
15	0	0	0	0	607	
0	0	0	0	0	602	
1	0	0	0	0	647	
2	0	0	0	0	608	
3	0	0	0	0	612	
4	0	0	0	0	571	
5	0	0	0	0	604	
6	0	0	0	0	606	
7	0	0	0	0	553	
8	0	0	0	0	541	
9	0	0	0	0	568	
10	0	0	0	0	510	
11	0	0	0	0	466	
12	0	0	0	0	475	
13	0	0	0	0	489	
14	0	0	0	0	543	
15	0	0	0	0	519	
0	0	0	0	0	521	
1	0	0	0	0	499	
2	0	0	0	0	476	
3	0	0	0	0	492	
4	0	0	0	0	454	
5	0	0	0	0	455	
6	0	0	0	0	437	
7	0	0	0	0	470	
8	0	0	0	0	486	
9	0	0	0	0	523	
10	0	0	0	0	438	
11	0	0	0	0	483	
12	0	0	0	0	515	
13	0	0	0	0	526	
14	0	0	0	0	494	
15	0	0	0	0	587	
0	0	0	0	0	524	
1	0	0	0	0	517	
2	0	0	0	0	504	
3	0	0	0	0	435	
4	0	0	0	0	488	
5	0	0	0	0	515	
6	0	0	0	0	496	
7	0	0	0	0	526	
8	0	0	0	0	513	
9	0	0	0	0	503	
10	0	0	0	0	581	
11	0	0	0	0	571	
12	0	0	0	0	522	
13	0	0	0	0	519	
14	0	0	0	0	563	
15	0	0	0	0	516	
0	0	0	0	0	501	
1	0	0	0	0	534	
2	0	0	0	0	521	
3	0	0	0	0	496	
4	0	0	0	0	530	
5	0	0	0	0	545	
6	0	0	0	0	580	
7	0	0	0	0	524	
8	0	0	0	0	541	
9	0	0	0	0	548	
10	0	0	0	0	548	
11	0	0	0	0	539	
12	0	0	0	0	477	
13	0	0	0	0	472	
14	0	0	0	0	500	
15	0	0	0	0	490	
0	0	0	0	0	492	
1	0	0	0	0	507	
2	0	0	0	0	521	
3	0	0	0	0	457	
4	0	0	0	0	536	
5	0	0	0	0	487	
6	0	0	0	0	467	
7	0	0	0	0	441	
8	0	0	0	0	431	
9	0	0	0	0	518	
10	0	0	0	0	480	
11	0	0	0	0	479	
12	0	0	0	0	534	
13	0	0	0	0	491	
14	0	0	0	0	497	
15	0	0	0	0	493	
0	0	0	0	0	479	
1	0	0	0	0	497	
2	0	0	0	0	507	
3	0	0	0	0	510	
4	0	0	0	0	461	
5	0	0	0	0	474	
6	0	0	0	0	459	
7	0	0	0	0	532	
8	0	0	0	0	484	
9	0	0	0	0	448	
10	0	0	0	0	533	
11	0	0	0	0	480	
12	0	0	0	0	494	
13	0	0	0	0	619	
14	0	0	0	0	471	
15	0	0	0	0	432	
0	0	0	0	0	472	
1	0	0	0	0	397	
2	0	0	0	0	440	
3	0	0	0	0	455	
4	0	0	0	0	369	
5	0	0	0	0	350	
6	0	0	0	0	509	
7	0	0	0	0	477	
8	0	0	0	0	521	
9	0	0	0	0	529	
10	0	0	0	0	582	
11	0	0	0	0	552	
12	0	0	0	0	571	
13	0	0	0	0	411	
14	0	0	0	0	480	
15	0	0	0	0	486	
0	0	0	0	0	517	
1	0	0	0	0	545	
2	0	0	0	0	524	
3	0	0	0	0	512	
4	0	0	0	0	467	
5	0	0	0	0	431	
6	0	0	0	0	472	
7	0	0	0	0	448	
8	0	0	0	0	423	
9	0	0	0	0	362	
10	0	0	0	0	404	
11	0	0	0	0	462	
12	0	0	0	0	447	
13	0	0	0	0	442	
14	0	0	0	0	462	
15	0	0	0	0	422	
0	0	0	0	0	431	
1	0	0	0	0	449	
2	0	0	0	0	492	
3	0	0	0	0	431	
4	0	0	0	0	503	
5	0	0	0	0	573	
6	0	0	0	0	449	
7	0	0	0	0	470	
8	0	0	0	0	423	
9	0	0	0	0	523	
10	0	0	0	0	536	
11	0	0	0	0	434	
12	0	0	0	0	614	
13	0	0	0	0	657	
14	0	0	0	0	632	
15	0	0	0	0	612	
0	0	0	0	0	653	
1	0	0	0	0	572	
2	0	0	0	0	600	
3	0	0	0	0	626	
4	0	0	0	0	610	
5	0	0	0	0	558	
6	0	0	0	0	564	
7	0	0	0	0	595	
8	0	0	0	0	698	
9	0	0	0	0	624	
10	0	0	0	0	715	
11	0	0	0	0	632	
12	0	0	0	0	629	
13	0	0	0	0	609	
14	0	0	0	0	701	
15	0	0	0	0	591	
0	0	0	0	0	626	
1	0	0	0	0	662	
2	0	0	0	0	646	
3	0	0	0	0	655	
4	0	0	0	0	568	
5	0	0	0	0	534	
6	0	0	0	0	573	
7	0	0	0	0	489	
8	0	0	0	0	406	
9	0	0	0	0	576	
10	0	0	0	0	520	
11	0	0	0	0	480	
12	0	0	0	0	601	
13	0	0	0	0	499	
14	0	0	0	0	520	
15	0	0	0	0	543	
0	0	0	0	0	467	
1	0	0	0	0	454	
2	0	0	0	0	511	
3	0	0	0	0	457	
4	0	0	0	0	396	
5	0	0	0	0	471	
6	0	0	0	0	494	
7	0	0	0	0	474	
8	0	0	0	0	370	
9	0	0	0	0	495	
10	0	0	0	0	496	
11	0	0	0	0	534	
12	0	0	0	0	473	
13	0	0	0	0	484	
14	0	0	0	0	447	
15	0	0	0	0	490	
0	0	0	0	0	505	
1	0	0	0	0	511	
2	0	0	0	0	472	
3	0	0	0	0	496	
4	0	0	0	0	462	
5	0	0	0	0	483	
6	0	0	0	0	505	
7	0	0	0	0	446	
8	0	0	0	0	480	
9	0	0	0	0	551	
10	0	0	0	0	567	
11	0	0	0	0	487	
12	0	0	0	0	422	
13	0	0	0	0	521	
14	0	0	0	0	447	
15	0	0	0	0	560	
0	0	0	0	0	539	
1	0	0	0	0	444	
2	0	0	0	0	571	
3	0	0	0	0	581	
4	0	0	0	0	517	
5	0	0	0	0	514	
6	0	0	0	0	528	
7	0	0	0	0	538	
8	0	0	0	0	561	
9	0	0	0	0	502	
10	0	0	0	0	573	
11	0	0	0	0	587	
12	0	0	0	0	485	
13	0	0	0	0	535	
14	0	0	0	0	650	
15	0	0	0	0	469	
0	0	0	0	0	495	
1	0	0	0	0	525	
2	0	0	0	0	511	
3	0	0	0	0	516	
4	0	0	0	0	435	
5	0	0	0	0	529	
6	0	0	0	0	492	
7	0	0	0	0	494	
8	0	0	0	0	431	
9	0	0	0	0	575	
10	0	0	0	0	593	
11	0	0	0	0	600	
12	0	0	0	0	551	
13	0	0	0	0	508	
14	0	0	0	0	535	
15	0	0	0	0	499	
0	0	0	0	0	489	
1	0	0	0	0	515	
2	0	0	0	0	506	
3	0	0	0	0	512	
4	0	0	0	0	543	
5	0	0	0	0	504	
6	0	0	0	0	525	
7	0	0	0	0	487	
8	0	0	0	0	513	
9	0	0	0	0	555	
10	0	0	0	0	492	
11	0	0	0	0	534	
12	0	0	0	0	503	
13	0	0	0	0	503	
14	0	0	0	0	449	
15	0	0	0	0	421	
0	0	0	0	0	367	
1	0	0	0	0	447	
2	0	0	0	0	509	
3	0	0	0	0	519	
4	0	0	0	0	551	
5	0	0	0	0	481	
6	0	0	0	0	528	
7	0	0	0	0	597	
8	0	0	0	0	574	
9	0	0	0	0	664	
10	0	0	0	0	684	
11	0	0	0	0	752	
12	0	0	0	0	749	
13	0	0	0	0	765	
14	0	0	0	0	856	
15	0	0	0	0	823	
0	0	0	0	0	815	
1	0	0	0	0	909	
2	0	0	0	0	855	
3	0	0	0	0	936	
4	0	0	0	0	951	
5	0	0	0	0	933	
6	0	0	0	0	814	
7	0	0	0	0	793	
8	0	0	0	0	757	
9	0	0	0	0	723	
10	0	0	0	0	697	
11	0	0	0	0	713	
12	0	0	0	0	613	
13	0	0	0	0	688	
14	0	0	0	0	663	
15	0	0	0	0	604	
0	0	0	0	0	572	
1	0	0	0	0	549	
2	0	0	0	0	594	
3	0	0	0	0	625	
4	0	0	0	0	575	
5	0	0	0	0	547	
6	0	0	0	0	582	
7	0	0	0	0	538	
8	0	0	0	0	418	
9	0	0	0	0	415	
10	0	0	0	0	474	
11	0	0	0	0	500	
12	0	0	0	0	443	
13	0	0	0	0	431	
14	0	0	0	0	505	
15	0	0	0	0	389	
0	0	0	0	0	413	
1	0	0	0	0	363	
2	0	0	0	0	295	
3	0	0	0	0	340	
4	0	0	0	0	347	
5	0	0	0	0	250	
6	0	0	0	0	288	
7	0	0	0	0	275	
8	0	0	0	0	286	
9	0	0	0	0	309	
10	0	0	0	0	220	
11	0	0	0	0	258	
12	0	0	0	0	270	
13	0	0	0	0	368	
14	0	0	0	0	340	
15	0	0	0	0	358	
0	0	0	0	0	335	
1	0	0	0	0	357	
2	0	0	0	0	345	
3	0	0	0	0	292	
4	0	0	0	0	372	
5	0	0	0	0	407	
6	0	0	0	0	357	
7	0	0	0	0	344	
8	0	0	0	0	418	
9	0	0	0	0	370	
10	0	0	0	0	249	
11	0	0	0	0	374	
12	0	0	0	0	379	
13	0	0	0	0	406	
14	0	0	0	0	400	
15	0	0	0	0	413	
0	0	0	0	0	259	
1	0	0	0	0	337	
2	0	0	0	0	463	
3	0	0	0	0	247	
4	0	0	0	0	332	
5	0	0	0	0	344	
6	0	0	0	0	225	
7	0	0	0	0	428	
8	0	0	0	0	428	
9	0	0	0	0	420	
10	0	0	0	0	221	
11	0	0	0	0	418	
12	0	0	0	0	451	
13	0	0	0	0	493	
14	0	0	0	0	371	
15	0	0	0	0	415	
0	0	0	0	0	488	
1	0	0	0	0	557	
2	0	0	0	0	423	
3	0	0	0	0	487	
4	0	0	0	0	466	
5	0	0	0	0	534	
6	0	0	0	0	458	
7	0	0	0	0	463	
8	0	0	0	0	465	
9	0	0	0	0	541	
10	0	0	0	0	435	
11	0	0	0	0	472	
12	0	0	0	0	466	
13	0	0	0	0	451	
14	0	0	0	0	505	
15	0	0	0	0	515	
0	0	0	0	0	504	
1	0	0	0	0	351	
2	0	0	0	0	406	
3	0	0	0	0	487	
4	0	0	0	0	496	
5	0	0	0	0	304	
6	0	0	0	0	404	
7	0	0	0	0	516	
8	0	0	0	0	451	
9	0	0	0	0	448	
10	0	0	0	0	336	
11	0	0	0	0	447	
12	0	0	0	0	485	
13	0	0	0	0	463	
14	0	0	0	0	447	
15	0	0	0	0	422	
0	0	0	0	0	470	
1	0	0	0	0	526	
2	0	0	0	0	524	
3	0	0	0	0	464	
4	0	0	0	0	404	
5	0	0	0	0	366	
6	0	0	0	0	333	
7	0	0	0	0	251	
8	0	0	0	0	194	
9	0	0	0	0	337	
10	0	0	0	0	321	
11	0	0	0	0	394	
12	0	0	0	0	412	
13	0	0	0	0	444	
14	0	0	0	0	446	
15	0	0	0	0	476	
0	0	0	0	0	419	
1	0	0	0	0	446	
2	0	0	0	0	395	
3	0	0	0	0	431	
4	0	0	0	0	474	
5	0	0	0	0	534	
6	0	0	0	0	579	
7	0	0	0	0	591	
8	0	0	0	0	646	
9	0	0	0	0	576	
10	0	0	0	0	526	
11	0	0	0	0	550	
12	0	0	0	0	646	
13	0	0	0	0	692	
14	0	0	0	0	604	
15	0	0	0	0	665	
0	0	0	0	0	719	
1	0	0	0	0	715	
2	0	0	0	0	654	
3	0	0	0	0	532	
4	0	0	0	0	661	
5	0	0	0	0	754	
6	0	0	0	0	665	
7	0	0	0	0	607	
8	0	0	0	0	622	
9	0	0	0	0	595	
10	0	0	0	0	624	
11	0	0	0	0	576	
12	0	0	0	0	624	
13	0	0	0	0	676	
14	0	0	0	0	625	
15	0	0	0	0	655	
0	0	0	0	0	539	
1	0	0	0	0	531	
2	0	0	0	0	533	
3	0	0	0	0	527	
4	0	0	0	0	584	
5	0	0	0	0	615	
6	0	0	0	0	622	
7	0	0	0	0	580	
8	0	0	0	0	650	
9	0	0	0	0	630	
10	0	0	0	0	647	
11	0	0	0	0	603	
12	0	0	0	0	645	
13	0	0	0	0	697	
14	0	0	0	0	570	
15	0	0	0	0	656	
0	0	0	0	0	519	
1	0	0	0	0	638	
2	0	0	0	0	462	
3	0	0	0	0	600	
4	0	0	0	0	650	
5	0	0	0	0	498	
6	0	0	0	0	662	
7	0	0	0	0	612	
8	0	0	0	0	582	
9	0	0	0	0	571	
10	0	0	0	0	564	
11	0	0	0	0	587	
12	0	0	0	0	588	
13	0	0	0	0	539	
14	0	0	0	0	532	
15	0	0	0	0	504	
0	0	0	0	0	496	
1	0	0	0	0	573	
2	0	0	0	0	536	
3	0	0	0	0	514	
4	0	0	0	0	524	
5	0	0	0	0	552	
6	0	0	0	0	564	
7	0	0	0	0	552	
8	0	0	0	0	554	
9	0	0	0	0	542	
10	0	0	0	0	530	
11	0	0	0	0	487	
12	0	0	0	0	547	
13	0	0	0	0	566	
14	0	0	0	0	609	
15	0	0	0	0	532	
0	0	0	0	0	528	
1	0	0	0	0	590	
2	0	0	0	0	548	
3	0	0	0	0	558	
4	0	0	0	0	520	
5	0	0	0	0	530	
6	0	0	0	0	513	
7	0	0	0	0	463	
8	0	0	0	0	471	
9	0	0	0	0	501	
10	0	0	0	0	560	
11	0	0	0	0	582	
12	0	0	0	0	569	
13	0	0	0	0	613	
14	0	0	0	0	507	
15	0	0	0	0	540	
0	0	0	0	0	584	
1	0	0	0	0	550	
2	0	0	0	0	558	
3	0	0	0	0	558	
4	0	0	0	0	600	
5	0	0	0	0	619	
6	0	0	0	0	621	
7	0	0	0	0	553	
8	0	0	0	0	556	
9	0	0	0	0	570	
10	0	0	0	0	511	
11	0	0	0	0	499	
12	0	0	0	0	472	
13	0	0	0	0	476	
14	0	0	0	0	520	
15	0	0	0	0	543	
0	0	0	0	0	505	
1	0	0	0	0	483	
2	0	0	0	0	420	
3	0	0	0	0	484	
4	0	0	0	0	564	
5	0	0	0	0	517	
6	0	0	0	0	506	
7	0	0	0	0	481	
8	0	0	0	0	470	
9	0	0	0	0	376	
10	0	0	0	0	293	
11	0	0	0	0	361	
12	0	0	0	0	405	
13	0	0	0	0	447	
14	0	0	0	0	483	
15	0	0	0	0	405	
0	0	0	0	0	478	
1	0	0	0	0	515	
2	0	0	0	0	416	
3	0	0	0	0	552	
4	0	0	0	0	556	
5	0	0	0	0	615	
6	0	0	0	0	559	
7	0	0	0	0	416	
8	0	0	0	0	601	
9	0	0	0	0	658	
10	0	0	0	0	659	
11	0	0	0	0	576	
12	0	0	0	0	578	
13	0	0	0	0	636	
14	0	0	0	0	644	
15	0	0	0	0	677	
0	0	0	0	0	608	
1	0	0	0	0	569	
2	0	0	0	0	576	
3	0	0	0	0	596	
4	0	0	0	0	594	
5	0	0	0	0	498	
6	0	0	0	0	534	
7	0	0	0	0	536	
8	0	0	0	0	500	
9	0	0	0	0	507	
10	0	0	0	0	567	
11	0	0	0	0	502	
12	0	0	0	0	489	
13	0	0	0	0	465	
14	0	0	0	0	537	
15	0	0	0	0	578	
0	0	0	0	0	506	
1	0	0	0	0	498	
2	0	0	0	0	587	
3	0	0	0	0	449	
4	0	0	0	0	465	
5	0	0	0	0	459	
6	0	0	0	0	356	
7	0	0	0	0	487	
8	0	0	0	0	543	
9	0	0	0	0	475	
10	0	0	0	0	422	
11	0	0	0	0	463	
12	0	0	0	0	425	
13	0	0	0	0	410	
14	0	0	0	0	386	
15	0	0	0	0	397	
0	0	0	0	0	375	
1	0	0	0	0	379	
2	0	0	0	0	424	
3	0	0	0	0	440	
4	0	0	0	0	420	
5	0	0	0	0	432	
6	0	0	0	0	443	
7	0	0	0	0	472	
8	0	0	0	0	436	
9	0	0	0	0	431	
10	0	0	0	0	400	
11	0	0	0	0	432	
12	0	0	0	0	451	
13	0	0	0	0	457	
14	0	0	0	0	423	
15	0	0	0	0	476	
0	0	0	0	0	429	
1	0	0	0	0	347	
2	0	0	0	0	419	
3	0	0	0	0	498	
4	0	0	0	0	541	
5	0	0	0	0	499	
6	0	0	0	0	504	
7	0	0	0	0	512	
8	0	0	0	0	516	
9	0	0	0	0	499	
10	0	0	0	0	440	
11	0	0	0	0	461	
12	0	0	0	0	477	
13	0	0	0	0	463	
14	0	0	0	0	466	
15	0	0	0	0	435	
0	0	0	0	0	425	
1	0	0	0	0	463	
2	0	0	0	0	469	
3	0	0	0	0	572	
4	0	0	0	0	526	
5	0	0	0	0	502	
6	0	0	0	0	471	
7	0	0	0	0	475	
8	0	0	0	0	505	
9	0	0	0	0	440	
10	0	0	0	0	399	
11	0	0	0	0	404	
12	0	0	0	0	457	
13	0	0	0	0	399	
14	0	0	0	0	401	
15	0	0	0	0	436	
0	0	0	0	0	436	
1	0	0	0	0	448	
2	0	0	0	0	448	
3	0	0	0	0	463	
4	0	0	0	0	484	
5	0	0	0	0	429	
6	0	0	0	0	448	
7	0	0	0	0	432	
8	0	0	0	0	428	
9	0	0	0	0	407	
10	0	0	0	0	377	
11	0	0	0	0	391	
12	0	0	0	0	472	
13	0	0	0	0	527	
14	0	0	0	0	492	
15	0	0	0	0	431	
0	0	0	0	0	479	
1	0	0	0	0	537	
2	0	0	0	0	517	
3	0	0	0	0	523	
4	0	0	0	0	590	
5	0	0	0	0	582	
6	0	0	0	0	657	
7	0	0	0	0	593	
8	0	0	0	0	600	
9	0	0	0	0	593	
10	0	0	0	0	556	
11	0	0	0	0	583	
12	0	0	0	0	513	
13	0	0	0	0	513	
14	0	0	0	0	489	
15	0	0	0	0	499	
0	0	0	0	0	520	
1	0	0	0	0	544	
2	0	0	0	0	518	
3	0	0	0	0	542	
4	0	0	0	0	543	
5	0	0	0	0	509	
6	0	0	0	0	492	
7	0	0	0	0	520	
8	0	0	0	0	605	
9	0	0	0	0	524	
10	0	0	0	0	566	
11	0	0	0	0	571	
12	0	0	0	0	525	
13	0	0	0	0	457	
14	0	0	0	0	526	
15	0	0	0	0	580	
0	0	0	0	0	480	
1	0	0	0	0	618	
2	0	0	0	0	494	
3	0	0	0	0	547	
4	0	0	0	0	591	
5	0	0	0	0	609	
6	0	0	0	0	645	
7	0	0	0	0	592	
8	0	0	0	0	569	
9	0	0	0	0	510	
10	0	0	0	0	504	
11	0	0	0	0	502	
12	0	0	0	0	437	
13	0	0	0	0	396	
14	0	0	0	0	509	
15	0	0	0	0	487	
0	0	0	0	0	459	
1	0	0	0	0	451	
2	0	0	0	0	435	
3	0	0	0	0	420	
4	0	0	0	0	428	
5	0	0	0	0	394	
6	0	0	0	0	443	
7	0	0	0	0	379	
8	0	0	0	0	384	
9	0	0	0	0	362	
10	0	0	0	0	324	
11	0	0	0	0	299	
12	0	0	0	0	291	
13	0	0	0	0	324	
14	0	0	0	0	323	
15	0	0	0	0	293	
0	0	0	0	0	349	
1	0	0	0	0	322	
2	0	0	0	0	215	
3	0	0	0	0	226	
4	0	0	0	0	219	
5	0	0	0	0	198	
6	0	0	0	0	205	
7	0	0	0	0	213	
8	0	0	0	0	235	
9	0	0	0	0	257	
10	0	0	0	0	214	
11	0	0	0	0	283	
12	0	0	0	0	355	
13	0	0	0	0	356	
14	0	0	0	0	312	
15	0	0	0	0	280	
0	0	0	0	0	378	
1	0	0	0	0	453	
2	0	0	0	0	372	
3	0	0	0	0	423	
4	0	0	0	0	324	
5	0	0	0	0	393	
6	0	0	0	0	453	
7	0	0	0	0	357	
8	0	0	0	0	453	
9	0	0	0	0	485	
10	0	0	0	0	417	
11	0	0	0	0	465	
12	0	0	0	0	447	
13	0	0	0	0	499	
14	0	0	0	0	397	
15	0	0	0	0	452	
0	0	0	0	0	512	
1	0	0	0	0	417	
2	0	0	0	0	452	
3	0	0	0	0	409	
4	0	0	0	0	385	
5	0	0	0	0	438	
6	0	0	0	0	415	
7	0	0	0	0	465	
8	0	0	0	0	504	
9	0	0	0	0	491	
10	0	0	0	0	558	
11	0	0	0	0	580	
12	0	0	0	0	499	
13	0	0	0	0	500	
14	0	0	0	0	537	
15	0	0	0	0	558	
0	0	0	0	0	590	
1	0	0	0	0	564	
2	0	0	0	0	580	
3	0	0	0	0	682	
4	0	0	0	0	632	
5	0	0	0	0	681	
6	0	0	0	0	675	
7	0	0	0	0	739	
8	0	0	0	0	659	
9	0	0	0	0	704	
10	0	0	0	0	719	
11	0	0	0	0	712	
12	0	0	0	0	757	
13	0	0	0	0	669	
14	0	0	0	0	622	
15	0	0	0	0	666	
0	0	0	0	0	684	
1	0	0	0	0	701	
2	0	0	0	0	809	
3	0	0	0	0	777	
4	0	0	0	0	697	
5	0	0	0	0	671	
6	0	0	0	0	669	
7	0	0	0	0	652	
8	0	0	0	0	647	
9	0	0	0	0	594	
10	0	0	0	0	563	
11	0	0	0	0	619	
12	0	0	0	0	575	
13	0	0	0	0	579	
14	0	0	0	0	659	
15	0	0	0	0	687	
0	0	0	0	0	623	
1	0	0	0	0	665	
2	0	0	0	0	673	
3	0	0	0	0	702	
4	0	0	0	0	630	
5	0	0	0	0	614	
6	0	0	0	0	568	
7	0	0	0	0	546	
8	0	0	0	0	595	
9	0	0	0	0	614	
10	0	0	0	0	561	
11	0	0	0	0	539	
12	0	0	0	0	493	
13	0	0	0	0	512	
14	0	0	0	0	489	
15	0	0	0	0	527	
0	0	0	0	0	608	
1	0	0	0	0	637	
2	0	0	0	0	678	
3	0	0	0	0	786	
4	0	0	0	0	694	
5	0	0	0	0	726	
6	0	0	0	0	757	
7	0	0	0	0	688	
8	0	0	0	0	687	
9	0	0	0	0	656	
10	0	0	0	0	570	
11	0	0	0	0	567	
12	0	0	0	0	623	
13	0	0	0	0	607	
14	0	0	0	0	586	
15	0	0	0	0	518	
0	0	0	0	0	454	
1	0	0	0	0	446	
2	0	0	0	0	335	
3	0	0	0	0	420	
4	0	0	0	0	359	
5	0	0	0	0	466	
6	0	0	0	0	359	
7	0	0	0	0	443	
8	0	0	0	0	496	
9	0	0	0	0	433	
10	0	0	0	0	443	
11	0	0	0	0	428	
12	0	0	0	0	437	
13	0	0	0	0	503	
14	0	0	0	0	493	
15	0	0	0	0	500	
0	0	0	0	0	538	
1	0	0	0	0	455	
2	0	0	0	0	564	
3	0	0	0	0	612	
4	0	0	0	0	455	
5	0	0	0	0	524	
6	0	0	0	0	524	
7	0	0	0	0	514	
8	0	0	0	0	522	
9	0	0	0	0	587	
10	0	0	0	0	668	
11	0	0	0	0	700	
12	0	0	0	0	598	
13	0	0	0	0	635	
14	0	0	0	0	539	
15	0	0	0	0	531	
0	0	0	0	0	489	
1	0	0	0	0	587	
2	0	0	0	0	643	
3	0	0	0	0	548	
4	0	0	0	0	624	
5	0	0	0	0	647	
6	0	0	0	0	553	
7	0	0	0	0	444	
8	0	0	0	0	415	
9	0	0	0	0	439	
10	0	0	0	0	332	
11	0	0	0	0	377	
12	0	0	0	0	399	
13	0	0	0	0	398	
14	0	0	0	0	371	
15	0	0	0	0	435	
0	0	0	0	0	465	
1	0	0	0	0	369	
2	0	0	0	0	528	
3	0	0	0	0	564	
4	0	0	0	0	564	
5	0	0	0	0	548	
6	0	0	0	0	577	
7	0	0	0	0	617	
8	0	0	0	0	534	
9	0	0	0	0	455	
10	0	0	0	0	480	
11	0	0	0	0	600	
12	0	0	0	0	542	
13	0	0	0	0	584	
14	0	0	0	0	576	
15	0	0	0	0	511	
0	0	0	0	0	572	
1	0	0	0	0	584	
2	0	0	0	0	643	
3	0	0	0	0	600	
4	0	0	0	0	593	
5	0	0	0	0	583	
6	0	0	0	0	580	
7	0	0	0	0	643	
8	0	0	0	0	612	
9	0	0	0	0	600	
10	0	0	0	0	661	
11	0	0	0	0	683	
12	0	0	0	0	721	
13	0	0	0	0	748	
14	0	0	0	0	643	
15	0	0	0	0	647	
0	0	0	0	0	686	
1	0	0	0	0	685	
2	0	0	0	0	619	
3	0	0	0	0	672	
4	0	0	0	0	609	
5	0	0	0	0	549	
6	0	0	0	0	586	
7	0	0	0	0	600	
8	0	0	0	0	597	
9	0	0	0	0	488	
10	0	0	0	0	477	
11	0	0	0	0	558	
12	0	0	0	0	614	
13	0	0	0	0	570	
14	0	0	0	0	549	
15	0	0	0	0	651	
0	0	0	0	0	567	
1	0	0	0	0	481	
2	0	0	0	0	512	
3	0	0	0	0	519	
4	0	0	0	0	470	
5	0	0	0	0	482	
6	0	0	0	0	449	
7	0	0	0	0	425	
8	0	0	0	0	352	
9	0	0	0	0	428	
10	0	0	0	0	363	
11	0	0	0	0	355	
12	0	0	0	0	414	
13	0	0	0	0	460	
14	0	0	0	0	412	
15	0	0	0	0	479	
0	0	0	0	0	476	
1	0	0	0	0	464	
2	0	0	0	0	414	
3	0	0	0	0	463	
4	0	0	0	0	422	
5	0	0	0	0	370	
6	0	0	0	0	407	
7	0	0	0	0	406	
8	0	0	0	0	412	
9	0	0	0	0	432	
10	0	0	0	0	461	
11	0	0	0	0	403	
12	0	0	0	0	455	
13	0	0	0	0	469	
14	0	0	0	0	467	
15	0	0	0	0	428	
0	0	0	0	0	366	
1	0	0	0	0	446	
2	0	0	0	0	479	
3	0	0	0	0	499	
4	0	0	0	0	484	
5	0	0	0	0	493	
6	0	0	0	0	477	
7	0	0	0	0	560	
8	0	0	0	0	588	
9	0	0	0	0	596	
10	0	0	0	0	656	
11	0	0	0	0	605	
12	0	0	0	0	667	
13	0	0	0	0	654	
14	0	0	0	0	695	
15	0	0	0	0	663	
0	0	0	0	0	678	
1	0	0	0	0	710	
2	0	0	0	0	624	
3	0	0	0	0	611	
4	0	0	0	0	569	
5	0	0	0	0	467	
6	0	0	0	0	497	
7	0	0	0	0	600	
8	0	0	0	0	618	
9	0	0	0	0	535	
10	0	0	0	0	555	
11	0	0	0	0	569	
12	0	0	0	0	464	
13	0	0	0	0	486	
14	0	0	0	0	497	
15	0	0	0	0	490	
0	0	0	0	0	448	
1	0	0	0	0	473	
2	0	0	0	0	535	
3	0	0	0	0	532	
4	0	0	0	0	513	
5	0	0	0	0	515	
6	0	0	0	0	535	
7	0	0	0	0	507	
8	0	0	0	0	568	
9	0	0	0	0	452	
10	0	0	0	0	499	
11	0	0	0	0	540	
12	0	0	0	0	574	
13	0	0	0	0	490	
14	0	0	0	0	458	
15	0	0	0	0	521	
0	0	0	0	0	563	
1	0	0	0	0	561	
2	0	0	0	0	546	
3	0	0	0	0	598	
4	0	0	0	0	607	
5	0	0	0	0	600	
6	0	0	0	0	646	
7	0	0	0	0	682	
8	0	0	0	0	668	
9	0	0	0	0	682	
10	0	0	0	0	677	
11	0	0	0	0	651	
12	0	0	0	0	645	
13	0	0	0	0	527	
14	0	0	0	0	520	
15	0	0	0	0	565	
0	0	0	0	0	551	
1	0	0	0	0	539	
2	0	0	0	0	532	
3	0	0	0	0	496	
4	0	0	0	0	536	
5	0	0	0	0	530	
6	0	0	0	0	516	
7	0	0	0	0	498	
8	0	0	0	0	447	
9	0	0	0	0	473	
10	0	0	0	0	579	
11	0	0	0	0	454	
12	0	0	0	0	428	
13	0	0	0	0	527	
14	0	0	0	0	465	
15	0	0	0	0	481	
0	0	0	0	0	538	
1	0	0	0	0	468	
2	0	0	0	0	498	
3	0	0	0	0	551	
4	0	0	0	0	512	
5	0	0	0	0	573	
6	0	0	0	0	572	
7	0	0	0	0	490	
8	0	0	0	0	460	
9	0	0	0	0	516	
10	0	0	0	0	507	
11	0	0	0	0	515	
12	0	0	0	0	544	
13	0	0	0	0	589	
14	0	0	0	0	565	
15	0	0	0	0	566	
0	0	0	0	0	508	
1	0	0	0	0	597	
2	0	0	0	0	601	
3	0	0	0	0	601	
4	0	0	0	0	608	
5	0	0	0	0	568	
6	0	0	0	0	568	
7	0	0	0	0	505	
8	0	0	0	0	511	
9	0	0	0	0	528	
10	0	0	0	0	499	
11	0	0	0	0	478	
12	0	0	0	0	480	
13	0	0	0	0	489	
14	0	0	0	0	460	
15	0	0	0	0	412	
0	0	0	0	0	402	
1	0	0	0	0	413	
2	0	0	0	0	420	
3	0	0	0	0	431	
4	0	0	0	0	439	
5	0	0	0	0	470	
6	0	0	0	0	397	
7	0	0	0	0	398	
8	0	0	0	0	414	
9	0	0	0	0	355	
10	0	0	0	0	410	
11	0	0	0	0	364	
12	0	0	0	0	364	
13	0	0	0	0	332	
14	0	0	0	0	451	
15	0	0	0	0	400	
0	0	0	0	0	408	
1	0	0	0	0	404	
2	0	0	0	0	441	
3	0	0	0	0	491	
4	0	0	0	0	485	
5	0	0	0	0	513	
6	0	0	0	0	473	
7	0	0	0	0	465	
8	0	0	0	0	411	
9	0	0	0	0	432	
10	0	0	0	0	611	
11	0	0	0	0	511	
12	0	0	0	0	590	
13	0	0	0	0	508	
14	0	0	0	0	477	
15	0	0	0	0	526	
0	0	0	0	0	598	
1	0	0	0	0	526	
2	0	0	0	0	514	
3	0	0	0	0	536	
4	0	0	0	0	505	
5	0	0	0	0	556	
6	0	0	0	0	513	
7	0	0	0	0	489	
8	0	0	0	0	586	
9	0	0	0	0	552	
10	0	0	0	0	504	
11	0	0	0	0	580	
12	0	0	0	0	560	
13	0	0	0	0	590	
14	0	0	0	0	668	
15	0	0	0	0	568	
0	0	0	0	0	653	
1	0	0	0	0	618	
2	0	0	0	0	642	
3	0	0	0	0	689	
4	0	0	0	0	664	
5	0	0	0	0	686	
6	0	0	0	0	635	
7	0	0	0	0	562	
8	0	0	0	0	661	
9	0	0	0	0	590	
10	0	0	0	0	605	
11	0	0	0	0	546	
12	0	0	0	0	567	
13	0	0	0	0	542	
14	0	0	0	0	574	
15	0	0	0	0	583	
0	0	0	0	0	470	
1	0	0	0	0	466	
2	0	0	0	0	533	
3	0	0	0	0	465	
4	0	0	0	0	396	
5	0	0	0	0	428	
6	0	0	0	0	413	
7	0	0	0	0	514	
8	0	0	0	0	480	
9	0	0	0	0	428	
10	0	0	0	0	458	
11	0	0	0	0	486	
12	0	0	0	0	529	
13	0	0	0	0	487	
14	0	0	0	0	395	
15	0	0	0	0	467	
0	0	0	0	0	485	
1	0	0	0	0	575	
2	0	0	0	0	534	
3	0	0	0	0	466	
4	0	0	0	0	430	
5	0	0	0	0	488	
6	0	0	0	0	458	
7	0	0	0	0	324	
8	0	0	0	0	348	
9	0	0	0	0	499	
10	0	0	0	0	353	
11	0	0	0	0	456	
12	0	0	0	0	449	
13	0	0	0	0	439	
14	0	0	0	0	498	
15	0	0	0	0	496	
0	0	0	0	0	517	
1	0	0	0	0	611	
2	0	0	0	0	452	
3	0	0	0	0	503	
4	0	0	0	0	603	
5	0	0	0	0	534	
6	0	0	0	0	641	
7	0	0	0	0	505	
8	0	0	0	0	515	
9	0	0	0	0	435	
10	0	0	0	0	616	
11	0	0	0	0	486	
12	0	0	0	0	412	
13	0	0	0	0	532	
14	0	0	0	0	726	
15	0	0	0	0	468	
0	0	0	0	0	602	
1	0	0	0	0	529	
2	0	0	0	0	595	
3	0	0	0	0	470	
4	0	0	0	0	665	
5	0	0	0	0	509	
6	0	0	0	0	559	
7	0	0	0	0	655	
8	0	0	0	0	654	
9	0	0	0	0	456	
10	0	0	0	0	483	
11	0	0	0	0	458	
12	0	0	0	0	440	
13	0	0	0	0	569	
14	0	0	0	0	532	
15	0	0	0	0	442	
0	0	0	0	0	446	
1	0	0	0	0	453	
2	0	0	0	0	607	
3	0	0	0	0	571	
4	0	0	0	0	413	
5	0	0	0	0	498	
6	0	0	0	0	611	
7	0	0	0	0	478	
8	0	0	0	0	500	
9	0	0	0	0	518	
10	0	0	0	0	620	
11	0	0	0	0	574	
12	0	0	0	0	411	
13	0	0	0	0	433	
14	0	0	0	0	597	
15	0	0	0	0	576	
0	0	0	0	0	485	
1	0	0	0	0	515	
2	0	0	0	0	560	
3	0	0	0	0	551	
4	0	0	0	0	540	
5	0	0	0	0	502	
6	0	0	0	0	535	
7	0	0	0	0	519	
8	0	0	0	0	529	
9	0	0	0	0	499	
10	0	0	0	0	592	
11	0	0	0	0	525	
12	0	0	0	0	499	
13	0	0	0	0	544	
14	0	0	0	0	419	
15	0	0	0	0	420	
0	0	0	0	0	392	
1	0	0	0	0	468	
2	0	0	0	0	446	
3	0	0	0	0	452	
4	0	0	0	0	415	
5	0	0	0	0	444	
6	0	0	0	0	536	
7	0	0	0	0	606	
8	0	0	0	0	536	
9	0	0	0	0	476	
10	0	0	0	0	427	
11	0	0	0	0	462	
12	0	0	0	0	435	
13	0	0	0	0	366	
14	0	0	0	0	441	
15	0	0	0	0	382	
0	0	0	0	0	456	
1	0	0	0	0	460	
2	0	0	0	0	373	
3	0	0	0	0	441	
4	0	0	0	0	527	
5	0	0	0	0	502	
6	0	0	0	0	457	
7	0	0	0	0	468	
8	0	0	0	0	572	
9	0	0	0	0	511	
10	0	0	0	0	473	
11	0	0	0	0	533	
12	0	0	0	0	525	
13	0	0	0	0	533	
14	0	0	0	0	537	
15	0	0	0	0	670	
0	0	0	0	0	582	
1	0	0	0	0	548	
2	0	0	0	0	549	
3	0	0	0	0	543	
4	0	0	0	0	514	
5	0	0	0	0	495	
6	0	0	0	0	480	
7	0	0	0	0	403	
8	0	0	0	0	455	
9	0	0	0	0	544	
10	0	0	0	0	550	
11	0	0	0	0	497	
12	0	0	0	0	493	
13	0	0	0	0	511	
14	0	0	0	0	452	
15	0	0	0	0	454	
0	0	0	0	0	476	
1	0	0	0	0	447	
2	0	0	0	0	477	
3	0	0	0	0	411	
4	0	0	0	0	475	
5	0	0	0	0	481	
6	0	0	0	0	459	
7	0	0	0	0	417	
8	0	0	0	0	416	
9	0	0	0	0	486	
10	0	0	0	0	452	
11	0	0	0	0	456	
12	0	0	0	0	472	
13	0	0	0	0	502	
14	0	0	0	0	478	
15	0	0	0	0	479	
0	0	0	0	0	411	
1	0	0	0	0	562	
2	0	0	0	0	560	
3	0	0	0	0	545	
4	0	0	0	0	500	
5	0	0	0	0	557	
6	0	0	0	0	511	
7	0	0	0	0	529	
8	0	0	0	0	537	
9	0	0	0	0	629	
10	0	0	0	0	575	
11	0	0	0	0	604	
12	0	0	0	0	439	
13	0	0	0	0	515	
14	0	0	0	0	494	
15	0	0	0	0	454	
0	0	0	0	0	521	
1	0	0	0	0	486	
2	0	0	0	0	464	
3	0	0	0	0	417	
4	0	0	0	0	428	
5	0	0	0	0	492	
6	0	0	0	0	569	
7	0	0	0	0	505	
8	0	0	0	0	451	
9	0	0	0	0	487	
10	0	0	0	0	563	
11	0	0	0	0	614	
12	0	0	0	0	463	
13	0	0	0	0	495	
14	0	0	0	0	564	
15	0	0	0	0	556	
0	0	0	0	0	462	
1	0	0	0	0	501	
2	0	0	0	0	472	
3	0	0	0	0	556	
4	0	0	0	0	505	
5	0	0	0	0	442	
6	0	0	0	0	368	
7	0	0	0	0	382	
8	0	0	0	0	463	
9	0	0	0	0	389	
10	0	0	0	0	428	
11	0	0	0	0	452	
12	0	0	0	0	471	
13	0	0	0	0	424	
14	0	0	0	0	446	
15	0	0	0	0	474	
0	0	0	0	0	456	
1	0	0	0	0	460	
2	0	0	0	0	483	
3	0	0	0	0	471	
4	0	0	0	0	399	
5	0	0	0	0	352	
6	0	0	0	0	377	
7	0	0	0	0	423	
8	0	0	0	0	414	
9	0	0	0	0	415	
10	0	0	0	0	419	
11	0	0	0	0	505	
12	0	0	0	0	516	
13	0	0	0	0	505	
14	0	0	0	0	560	
15	0	0	0	0	546	
0	0	0	0	0	515	
1	0	0	0	0	480	
2	0	0	0	0	484	
3	0	0	0	0	474	
4	0	0	0	0	505	
5	0	0	0	0	506	
6	0	0	0	0	496	
7	0	0	0	0	523	
8	0	0	0	0	607	
9	0	0	0	0	669	
10	0	0	0	0	743	
11	0	0	0	0	715	
12	0	0	0	0	656	
13	0	0	0	0	631	
14	0	0	0	0	668	
15	0	0	0	0	609	
0	0	0	0	0	604	
1	0	0	0	0	593	
2	0	0	0	0	651	
3	0	0	0	0	686	
4	0	0	0	0	712	
5	0	0	0	0	563	
6	0	0	0	0	574	
7	0	0	0	0	629	
8	0	0	0	0	599	
9	0	0	0	0	537	
10	0	0	0	0	565	
11	0	0	0	0	496	
12	0	0	0	0	534	
13	0	0	0	0	453	
14	0	0	0	0	500	
15	0	0	0	0	427	
0	0	0	0	0	423	
1	0	0	0	0	504	
2	0	0	0	0	475	
3	0	0	0	0	338	
4	0	0	0	0	571	
5	0	0	0	0	513	
6	0	0	0	0	471	
7	0	0	0	0	506	
8	0	0	0	0	563	
9	0	0	0	0	476	
10	0	0	0	0	469	
11	0	0	0	0	558	
12	0	0	0	0	583	
13	0	0	0	0	540	
14	0	0	0	0	496	
15	0	0	0	0	480	
0	0	0	0	0	493	
1	0	0	0	0	515	
2	0	0	0	0	529	
3	0	0	0	0	445	
4	0	0	0	0	483	
5	0	0	0	0	483	
6	0	0	0	0	500	
7	0	0	0	0	454	
8	0	0	0	0	486	
9	0	0	0	0	534	
10	0	0	0	0	464	
11	0	0	0	0	498	
12	0	0	0	0	526	
13	0	0	0	0	448	
14	0	0	0	0	396	
15	0	0	0	0	379	
0	0	0	0	0	360	
1	0	0	0	0	398	
2	0	0	0	0	406	
3	0	0	0	0	408	
4	0	0	0	0	330	
5	0	0	0	0	374	
6	0	0	0	0	434	
7	0	0	0	0	425	
8	0	0	0	0	429	
9	0	0	0	0	436	
10	0	0	0	0	458	
11	0	0	0	0	516	
12	0	0	0	0	503	
13	0	0	0	0	460	
14	0	0	0	0	483	
15	0	0	0	0	489	
0	0	0	0	0	556	
1	0	0	0	0	551	
2	0	0	0	0	487	
3	0	0	0	0	519	
4	0	0	0	0	568	
5	0	0	0	0	503	
6	0	0	0	0	469	
7	0	0	0	0	514	
8	0	0	0	0	435	
9	0	0	0	0	430	
10	0	0	0	0	489	
11	0	0	0	0	498	
12	0	0	0	0	521	
13	0	0	0	0	520	
14	0	0	0	0	522	
15	0	0	0	0	568	
0	0	0	0	0	579	
1	0	0	0	0	588	
2	0	0	0	0	547	
3	0	0	0	0	512	
4	0	0	0	0	557	
5	0	0	0	0	513	
6	0	0	0	0	513	
7	0	0	0	0	496	
8	0	0	0	0	402	
9	0	0	0	0	486	
10	0	0	0	0	502	
11	0	0	0	0	600	
12	0	0	0	0	516	
13	0	0	0	0	518	
14	0	0	0	0	532	
15	0	0	0	0	527	
0	0	0	0	0	574	
1	0	0	0	0	529	
2	0	0	0	0	541	
3	0	0	0	0	463	
4	0	0	0	0	527	
5	0	0	0	0	627	
6	0	0	0	0	500	
7	0	0	0	0	525	
8	0	0	0	0	558	
9	0	0	0	0	554	
10	0	0	0	0	567	
11	0	0	0	0	529	
12	0	0	0	0	614	
13	0	0	0	0	595	
14	0	0	0	0	628	
15	0	0	0	0	606	
0	0	0	0	0	576	
1	0	0	0	0	580	
2	0	0	0	0	493	
3	0	0	0	0	519	
4	0	0	0	0	486	
5	0	0	0	0	506	
6	0	0	0	0	530	
7	0	0	0	0	527	
8	0	0	0	0	499	
9	0	0	0	0	491	
10	0	0	0	0	455	
11	0	0	0	0	472	
12	0	0	0	0	504	
13	0	0	0	0	496	
14	0	0	0	0	501	
15	0	0	0	0	499	
0	0	0	0	0	547	
1	0	0	0	0	588	
2	0	0	0	0	569	
3	0	0	0	0	574	
4	0	0	0	0	564	
5	0	0	0	0	488	
6	0	0	0	0	485	
7	0	0	0	0	528	
8	0	0	0	0	524	
9	0	0	0	0	527	
10	0	0	0	0	591	
11	0	0	0	0	551	
12	0	0	0	0	545	
13	0	0	0	0	519	
14	0	0	0	0	543	
15	0	0	0	0	556	
0	0	0	0	0	457	
1	0	0	0	0	435	
2	0	0	0	0	536	
3	0	0	0	0	496	
4	0	0	0	0	549	
5	0	0	0	0	632	
6	0	0	0	0	547	
7	0	0	0	0	557	
8	0	0	0	0	552	
9	0	0	0	0	532	
10	0	0	0	0	547	
11	0	0	0	0	562	
12	0	0	0	0	509	
13	0	0	0	0	508	
14	0	0	0	0	499	
15	0	0	0	0	453	
0	0	0	0	0	511	
1	0	0	0	0	499	
2	0	0	0	0	463	
3	0	0	0	0	498	
4	0	0	0	0	484	
5	0	0	0	0	462	
6	0	0	0	0	489	
7	0	0	0	0	470	
8	0	0	0	0	415	
9	0	0	0	0	489	
10	0	0	0	0	451	
11	0	0	0	0	610	
12	0	0	0	0	518	
13	0	0	0	0	550	
14	0	0	0	0	610	
15	0	0	0	0	533	
0	0	0	0	0	508	
1	0	0	0	0	494	
2	0	0	0	0	606	
3	0	0	0	0	553	
4	0	0	0	0	596	
5	0	0	0	0	483	
6	0	0	0	0	604	
7	0	0	0	0	658	
8	0	0	0	0	556	
9	0	0	0	0	594	
10	0	0	0	0	607	
11	0	0	0	0	544	
12	0	0	0	0	655	
13	0	0	0	0	692	
14	0	0	0	0	562	
15	0	0	0	0	616	
0	0	0	0	0	624	
1	0	0	0	0	587	
2	0	0	0	0	574	
3	0	0	0	0	528	
4	0	0	0	0	518	
5	0	0	0	0	573	
6	0	0	0	0	579	
7	0	0	0	0	643	
8	0	0	0	0	607	
9	0	0	0	0	604	
10	0	0	0	0	524	
11	0	0	0	0	540	
12	0	0	0	0	526	
13	0	0	0	0	602	
14	0	0	0	0	621	
15	0	0	0	0	540	
0	0	0	0	0	610	
1	0	0	0	0	563	
2	0	0	0	0	528	
3	0	0	0	0	461	
4	0	0	0	0	521	
5	0	0	0	0	472	
6	0	0	0	0	368	
7	0	0	0	0	455	
8	0	0	0	0	480	
9	0	0	0	0	469	
10	0	0	0	0	535	
11	0	0	0	0	460	
12	0	0	0	0	509	
13	0	0	0	0	556	
14	0	0	0	0	521	
15	0	0	0	0	492	
0	0	0	0	0	544	
1	0	0	0	0	582	
2	0	0	0	0	574	
3	0	0	0	0	568	
4	0	0	0	0	564	
5	0	0	0	0	460	
6	0	0	0	0	494	
7	0	0	0	0	543	
8	0	0	0	0	520	
9	0	0	0	0	569	
10	0	0	0	0	562	
11	0	0	0	0	492	
12	0	0	0	0	498	
13	0	0	0	0	527	
14	0	0	0	0	560	
15	0	0	0	0	591	
0	0	0	0	0	565	
1	0	0	0	0	575	
2	0	0	0	0	552	
3	0	0	0	0	514	
4	0	0	0	0	522	
5	0	0	0	0	466	
6	0	0	0	0	435	
7	0	0	0	0	480	
8	0	0	0	0	440	
9	0	0	0	0	481	
10	0	0	0	0	410	
11	0	0	0	0	467	
12	0	0	0	0	502	
13	0	0	0	0	561	
14	0	0	0	0	487	
15	0	0	0	0	492	
0	0	0	0	0	468	
1	0	0	0	0	476	
2	0	0	0	0	475	
3	0	0	0	0	524	
4	0	0	0	0	520	
5	0	0	0	0	567	
6	0	0	0	0	488	
7	0	0	0	0	525	
8	0	0	0	0	554	
9	0	0	0	0	557	
10	0	0	0	0	569	
11	0	0	0	0	560	
12	0	0	0	0	506	
13	0	0	0	0	490	
14	0	0	0	0	505	
15	0	0	0	0	413	
0	0	0	0	0	397	
1	0	0	0	0	498	
2	0	0	0	0	441	
3	0	0	0	0	363	
4	0	0	0	0	393	
5	0	0	0	0	441	
6	0	0	0	0	415	
7	0	0	0	0	431	
8	0	0	0	0	406	
9	0	0	0	0	408	
10	0	0	0	0	466	
11	0	0	0	0	506	
12	0	0	0	0	528	
13	0	0	0	0	496	
14	0	0	0	0	585	
15	0	0	0	0	570	
0	0	0	0	0	606	
1	0	0	0	0	581	
2	0	0	0	0	457	
3	0	0	0	0	432	
4	0	0	0	0	433	
5	0	0	0	0	457	
6	0	0	0	0	371	
7	0	0	0	0	399	
8	0	0	0	0	478	
9	0	0	0	0	521	
10	0	0	0	0	512	
11	0	0	0	0	500	
12	0	0	0	0	490	
13	0	0	0	0	473	
14	0	0	0	0	417	
15	0	0	0	0	520	
0	0	0	0	0	534	
1	0	0	0	0	558	
2	0	0	0	0	499	
3	0	0	0	0	419	
4	0	0	0	0	432	
5	0	0	0	0	449	
6	0	0	0	0	383	
7	0	0	0	0	371	
8	0	0	0	0	380	
9	0	0	0	0	456	
10	0	0	0	0	414	
11	0	0	0	0	387	
12	0	0	0	0	376	
13	0	0	0	0	438	
14	0	0	0	0	358	
15	0	0	0	0	405	
0	0	0	0	0	351	
1	0	0	0	0	323	
2	0	0	0	0	346	
3	0	0	0	0	374	
4	0	0	0	0	375	
5	0	0	0	0	411	
6	0	0	0	0	411	
7	0	0	0	0	423	
8	0	0	0	0	436	
9	0	0	0	0	449	
10	0	0	0	0	501	
11	0	0	0	0	486	
12	0	0	0	0	418	
13	0	0	0	0	409	
14	0	0	0	0	463	
15	0	0	0	0	527	
0	0	0	0	0	431	
1	0	0	0	0	459	
2	0	0	0	0	571	
3	0	0	0	0	479	
4	0	0	0	0	547	
5	0	0	0	0	530	
6	0	0	0	0	546	
7	0	0	0	0	547	
8	0	0	0	0	613	
9	0	0	0	0	617	
10	0	0	0	0	689	
11	0	0	0	0	679	
12	0	0	0	0	694	
13	0	0	0	0	696	
14	0	0	0	0	696	
15	0	0	0	0	659	
0	0	0	0	0	696	
1	0	0	0	0	670	
2	0	0	0	0	644	
3	0	0	0	0	590	
4	0	0	0	0	603	
5	0	0	0	0	592	
6	0	0	0	0	561	
7	0	0	0	0	597	
8	0	0	0	0	571	
9	0	0	0	0	578	
10	0	0	0	0	515	
11	0	0	0	0	427	
12	0	0	0	0	411	
13	0	0	0	0	436	
14	0	0	0	0	470	
15	0	0	0	0	528	
0	0	0	0	0	492	
1	0	0	0	0	507	
2	0	0	0	0	538	
3	0	0	0	0	492	
4	0	0	0	0	498	
5	0	0	0	0	467	
6	0	0	0	0	431	
7	0	0	0	0	448	
8	0	0	0	0	431	
9	0	0	0	0	441	
10	0	0	0	0	500	
11	0	0	0	0	472	
12	0	0	0	0	549	
13	0	0	0	0	525	
14	0	0	0	0	507	
15	0	0	0	0	480	
0	0	0	0	0	520	
1	0	0	0	0	528	
2	0	0	0	0	515	
3	0	0	0	0	523	
4	0	0	0	0	515	
5	0	0	0	0	517	
6	0	0	0	0	611	
7	0	0	0	0	543	
8	0	0	0	0	495	
9	0	0	0	0	481	
10	0	0	0	0	551	
11	0	0	0	0	512	
12	0	0	0	0	600	
13	0	0	0	0	529	
14	0	0	0	0	527	
15	0	0	0	0	517	
0	0	0	0	0	459	
1	0	0	0	0	517	
2	0	0	0	0	579	
3	0	0	0	0	500	
4	0	0	0	0	475	
5	0	0	0	0	519	
6	0	0	0	0	453	
7	0	0	0	0	505	
8	0	0	0	0	433	
9	0	0	0	0	450	
10	0	0	0	0	556	
11	0	0	0	0	526	
12	0	0	0	0	567	
13	0	0	0	0	535	
14	0	0	0	0	568	
15	0	0	0	0	631	
0	0	0	0	0	515	
1	0	0	0	0	555	
2	0	0	0	0	568	
3	0	0	0	0	590	
4	0	0	0	0	599	
5	0	0	0	0	565	
6	0	0	0	0	577	
7	0	0	0	0	570	
8	0	0	0	0	631	
9	0	0	0	0	676	
10	0	0	0	0	675	
11	0	0	0	0	629	
12	0	0	0	0	686	
13	0	0	0	0	619	
14	0	0	0	0	648	
15	0	0	0	0	670	
0	0	0	0	0	599	
1	0	0	0	0	598	
2	0	0	0	0	553	
3	0	0	0	0	565	
4	0	0	0	0	497	
5	0	0	0	0	461	
6	0	0	0	0	430	
7	0	0	0	0	467	
8	0	0	0	0	372	
9	0	0	0	0	386	
10	0	0	0	0	370	
11	0	0	0	0	402	
12	0	0	0	0	384	
13	0	0	0	0	381	
14	0	0	0	0	314	
15	0	0	0	0	352	
0	0	0	0	0	356	
1	0	0	0	0	359	
2	0	0	0	0	382	
3	0	0	0	0	463	
4	0	0	0	0	395	
5	0	0	0	0	314	
6	0	0	0	0	339	
7	0	0	0	0	413	
8	0	0	0	0	367	
9	0	0	0	0	435	
10	0	0	0	0	356	
11	0	0	0	0	391	
12	0	0	0	0	372	
13	0	0	0	0	367	
14	0	0	0	0	380	
15	0	0	0	0	312	
0	0	0	0	0	353	
1	0	0	0	0	412	
2	0	0	0	0	371	
3	0	0	0	0	428	
4	0	0	0	0	428	
5	0	0	0	0	386	
6	0	0	0	0	417	
7	0	0	0	0	344	
8	0	0	0	0	373	
9	0	0	0	0	432	
10	0	0	0	0	428	
11	0	0	0	0	343	
12	0	0	0	0	440	
13	0	0	0	0	444	
14	0	0	0	0	461	
15	0	0	0	0	479	
0	0	0	0	0	527	
1	0	0	0	0	515	
2	0	0	0	0	524	
3	0	0	0	0	485	
4	0	0	0	0	486	
5	0	0	0	0	425	
6	0	0	0	0	419	
7	0	0	0	0	470	
8	0	0	0	0	393	
9	0	0	0	0	467	
10	0	0	0	0	396	
11	0	0	0	0	355	
12	0	0	0	0	414	
13	0	0	0	0	441	
14	0	0	0	0	434	
15	0	0	0	0	342	
0	0	0	0	0	336	
1	0	0	0	0	324	
2	0	0	0	0	375	
3	0	0	0	0	344	
4	0	0	0	0	365	
5	0	0	0	0	400	
6	0	0	0	0	468	
7	0	0	0	0	419	
8	0	0	0	0	457	
9	0	0	0	0	513	
10	0	0	0	0	522	
11	0	0	0	0	563	
12	0	0	0	0	512	
13	0	0	0	0	481	
14	0	0	0	0	447	
15	0	0	0	0	466	
0	0	0	0	0	407	
1	0	0	0	0	388	
2	0	0	0	0	448	
3	0	0	0	0	415	
4	0	0	0	0	457	
5	0	0	0	0	486	
6	0	0	0	0	493	
7	0	0	0	0	435	
8	0	0	0	0	506	
9	0	0	0	0	467	
10	0	0	0	0	491	
11	0	0	0	0	521	
12	0	0	0	0	593	
13	0	0	0	0	631	
14	0	0	0	0	631	
15	0	0	0	0	623	
0	0	0	0	0	693	
1	0	0	0	0	654	
2	0	0	0	0	607	
3	0	0	0	0	644	
4	0	0	0	0	554	
5	0	0	0	0	616	
6	0	0	0	0	673	
7	0	0	0	0	590	
8	0	0	0	0	514	
9	0	0	0	0	479	
10	0	0	0	0	518	
11	0	0	0	0	518	
12	0	0	0	0	498	
13	0	0	0	0	562	
14	0	0	0	0	536	
15	0	0	0	0	503	
0	0	0	0	0	510	
1	0	0	0	0	507	
2	0	0	0	0	575	
3	0	0	0	0	598	
4	0	0	0	0	548	
5	0	0	0	0	591	
6	0	0	0	0	597	
7	0	0	0	0	574	
8	0	0	0	0	543	
9	0	0	0	0	551	
10	0	0	0	0	496	
11	0	0	0	0	534	
12	0	0	0	0	528	
13	0	0	0	0	566	
14	0	0	0	0	591	
15	0	0	0	0	521	
0	0	0	0	0	487	
1	0	0	0	0	457	
2	0	0	0	0	563	
3	0	0	0	0	615	
4	0	0	0	0	588	
5	0	0	0	0	529	
6	0	0	0	0	535	
7	0	0	0	0	510	
8	0	0	0	0	610	
9	0	0	0	0	575	
10	0	0	0	0	540	
11	0	0	0	0	542	
12	0	0	0	0	574	
13	0	0	0	0	507	
14	0	0	0	0	566	
15	0	0	0	0	567	
0	0	0	0	0	577	
1	0	0	0	0	631	
2	0	0	0	0	606	
3	0	0	0	0	704	
4	0	0	0	0	711	
5	0	0	0	0	644	
6	0	0	0	0	604	
7	0	0	0	0	578	
8	0	0	0	0	609	
9	0	0	0	0	579	
10	0	0	0	0	601	
11	0	0	0	0	547	
12	0	0	0	0	496	
13	0	0	0	0	572	
14	0	0	0	0	562	
15	0	0	0	0	543	
0	0	0	0	0	585	
1	0	0	0	0	545	
2	0	0	0	0	535	
3	0	0	0	0	590	
4	0	0	0	0	585	
5	0	0	0	0	547	
6	0	0	0	0	562	
7	0	0	0	0	485	
8	0	0	0	0	471	
9	0	0	0	0	475	
10	0	0	0	0	446	
11	0	0	0	0	449	
12	0	0	0	0	440	
13	0	0	0	0	518	
14	0	0	0	0	615	
15	0	0	0	0	529	
0	0	0	0	0	491	
1	0	0	0	0	475	
2	0	0	0	0	504	
3	0	0	0	0	539	
4	0	0	0	0	541	
5	0	0	0	0	481	
6	0	0	0	0	512	
7	0	0	0	0	432	
8	0	0	0	0	375	
9	0	0	0	0	555	
10	0	0	0	0	545	
11	0	0	0	0	610	
12	0	0	0	0	542	
13	0	0	0	0	589	
14	0	0	0	0	630	
15	0	0	0	0	613	
0	0	0	0	0	588	
1	0	0	0	0	547	
2	0	0	0	0	453	
3	0	0	0	0	546	
4	0	0	0	0	604	
5	0	0	0	0	644	
6	0	0	0	0	523	
7	0	0	0	0	480	
8	0	0	0	0	527	
9	0	0	0	0	457	
10	0	0	0	0	514	
11	0	0	0	0	514	
12	0	0	0	0	503	
13	0	0	0	0	519	
14	0	0	0	0	537	
15	0	0	0	0	599	
0	0	0	0	0	549	
1	0	0	0	0	486	
2	0	0	0	0	511	
3	0	0	0	0	496	
4	0	0	0	0	515	
5	0	0	0	0	514	
6	0	0	0	0	519	
7	0	0	0	0	459	
8	0	0	0	0	487	
9	0	0	0	0	517	
10	0	0	0	0	455	
11	0	0	0	0	465	
12	0	0	0	0	489	
13	0	0	0	0	487	
14	0	0	0	0	557	
15	0	0	0	0	510	
0	0	0	0	0	567	
1	0	0	0	0	577	
2	0	0	0	0	579	
3	0	0	0	0	560	
4	0	0	0	0	560	
5	0	0	0	0	581	
6	0	0	0	0	568	
7	0	0	0	0	542	
8	0	0	0	0	595	
9	0	0	0	0	590	
10	0	0	0	0	532	
11	0	0	0	0	538	
12	0	0	0	0	506	
13	0	0	0	0	542	
14	0	0	0	0	522	
15	0	0	0	0	543	
0	0	0	0	0	581	
1	0	0	0	0	566	
2	0	0	0	0	544	
3	0	0	0	0	564	
4	0	0	0	0	553	
5	0	0	0	0	473	
6	0	0	0	0	453	
7	0	0	0	0	424	
8	0	0	0	0	558	
9	0	0	0	0	594	
10	0	0	0	0	519	
11	0	0	0	0	506	
12	0	0	0	0	550	
13	0	0	0	0	496	
14	0	0	0	0	513	
15	0	0	0	0	556	
0	0	0	0	0	500	
1	0	0	0	0	521	
2	0	0	0	0	521	
3	0	0	0	0	480	
4	0	0	0	0	535	
5	0	0	0	0	519	
6	0	0	0	0	471	
7	0	0	0	0	487	
8	0	0	0	0	479	
9	0	0	0	0	456	
10	0	0	0	0	405	
11	0	0	0	0	458	
12	0	0	0	0	440	
13	0	0	0	0	441	
14	0	0	0	0	535	
15	0	0	0	0	497	
0	0	0	0	0	498	
1	0	0	0	0	543	
2	0	0	0	0	617	
3	0	0	0	0	553	
4	0	0	0	0	538	
5	0	0	0	0	575	
6	0	0	0	0	535	
7	0	0	0	0	543	
8	0	0	0	0	540	
9	0	0	0	0	484	
10	0	0	0	0	524	
11	0	0	0	0	465	
12	0	0	0	0	514	
13	0	0	0	0	525	
14	0	0	0	0	536	
15	0	0	0	0	594	
0	0	0	0	0	600	
1	0	0	0	0	573	
2	0	0	0	0	662	
3	0	0	0	0	540	
4	0	0	0	0	533	
5	0	0	0	0	590	
6	0	0	0	0	555	
7	0	0	0	0	438	
8	0	0	0	0	398	
9	0	0	0	0	500	
10	0	0	0	0	452	
11	0	0	0	0	407	
12	0	0	0	0	387	
13	0	0	0	0	414	
14	0	0	0	0	458	
15	0	0	0	0	520	
0	0	0	0	0	560	
1	0	0	0	0	537	
2	0	0	0	0	533	
3	0	0	0	0	516	
4	0	0	0	0	600	
5	0	0	0	0	521	
6	0	0	0	0	556	
7	0	0	0	0	415	
8	0	0	0	0	513	
9	0	0	0	0	628	
10	0	0	0	0	578	
11	0	0	0	0	556	
12	0	0	0	0	620	
13	0	0	0	0	551	
14	0	0	0	0	578	
15	0	0	0	0	609	
0	0	0	0	0	576	
1	0	0	0	0	580	
2	0	0	0	0	559	
3	0	0	0	0	561	
4	0	0	0	0	593	
5	0	0	0	0	654	
6	0	0	0	0	607	
7	0	0	0	0	697	
8	0	0	0	0	545	
9	0	0	0	0	551	
10	0	0	0	0	582	
11	0	0	0	0	526	
12	0	0	0	0	519	
13	0	0	0	0	600	
14	0	0	0	0	563	
15	0	0	0	0	488	
0	0	0	0	0	507	
1	0	0	0	0	572	
2	0	0	0	0	557	
3	0	0	0	0	495	
4	0	0	0	0	608	
5	0	0	0	0	596	
6	0	0	0	0	665	
7	0	0	0	0	628	
8	0	0	0	0	600	
9	0	0	0	0	568	
10	0	0	0	0	565	
11	0	0	0	0	639	
12	0	0	0	0	526	
13	0	0	0	0	581	
14	0	0	0	0	563	
15	0	0	0	0	522	
0	0	0	0	0	488	
1	0	0	0	0	503	
2	0	0	0	0	529	
3	0	0	0	0	526	
4	0	0	0	0	466	
5	0	0	0	0	496	
6	0	0	0	0	522	
7	0	0	0	0	505	
8	0	0	0	0	517	
9	0	0	0	0	504	
10	0	0	0	0	513	
11	0	0	0	0	478	
12	0	0	0	0	432	
13	0	0	0	0	480	
14	0	0	0	0	438	
15	0	0	0	0	392	
0	0	0	0	0	410	
1	0	0	0	0	326	
2	0	0	0	0	387	
3	0	0	0	0	419	
4	0	0	0	0	442	
5	0	0	0	0	484	
6	0	0	0	0	469	
7	0	0	0	0	477	
8	0	0	0	0	515	
9	0	0	0	0	486	
10	0	0	0	0	462	
11	0	0	0	0	477	
12	0	0	0	0	483	
13	0	0	0	0	554	
14	0	0	0	0	491	
15	0	0	0	0	535	
0	0	0	0	0	582	
1	0	0	0	0	643	
2	0	0	0	0	659	
3	0	0	0	0	595	
4	0	0	0	0	577	
5	0	0	0	0	528	
6	0	0	0	0	532	
7	0	0	0	0	544	
8	0	0	0	0	551	
9	0	0	0	0	578	
10	0	0	0	0	627	
11	0	0	0	0	640	
12	0	0	0	0	638	
13	0	0	0	0	632	
14	0	0	0	0	519	
15	0	0	0	0	568	
0	0	0	0	0	617	
1	0	0	0	0	570	
2	0	0	0	0	506	
3	0	0	0	0	532	
4	0	0	0	0	457	
5	0	0	0	0	511	
6	0	0	0	0	555	
7	0	0	0	0	544	
8	0	0	0	0	483	
9	0	0	0	0	531	
10	0	0	0	0	592	
11	0	0	0	0	547	
12	0	0	0	0	463	
13	0	0	0	0	512	
14	0	0	0	0	461	
15	0	0	0	0	559	
0	0	0	0	0	457	
1	0	0	0	0	500	
2	0	0	0	0	540	
3	0	0	0	0	580	
4	0	0	0	0	518	
5	0	0	0	0	583	
6	0	0	0	0	564	
7	0	0	0	0	550	
8	0	0	0	0	488	
9	0	0	0	0	497	
10	0	0	0	0	550	
11	0	0	0	0	509	
12	0	0	0	0	496	
13	0	0	0	0	394	
14	0	0	0	0	367	
15	0	0	0	0	384	
0	0	0	0	0	408	
1	0	0	0	0	391	
2	0	0	0	0	342	
3	0	0	0	0	311	
4	0	0	0	0	285	
5	0	0	0	0	292	
6	0	0	0	0	301	
7	0	0	0	0	280	
8	0	0	0	0	401	
9	0	0	0	0	454	
10	0	0	0	0	438	
11	0	0	0	0	527	
12	0	0	0	0	485	
13	0	0	0	0	581	
14	0	0	0	0	568	
15	0	0	0	0	521	
0	0	0	0	0	548	
1	0	0	0	0	512	
2	0	0	0	0	463	
3	0	0	0	0	557	
4	0	0	0	0	604	
5	0	0	0	0	593	
6	0	0	0	0	549	
7	0	0	0	0	600	
8	0	0	0	0	571	
9	0	0	0	0	595	
10	0	0	0	0	622	
11	0	0	0	0	512	
12	0	0	0	0	532	
13	0	0	0	0	569	
14	0	0	0	0	481	
15	0	0	0	0	523	
0	0	0	0	0	535	
1	0	0	0	0	499	
2	0	0	0	0	459	
3	0	0	0	0	444	
4	0	0	0	0	453	
5	0	0	0	0	491	
6	0	0	0	0	513	
7	0	0	0	0	505	
8	0	0	0	0	539	
9	0	0	0	0	430	
10	0	0	0	0	470	
11	0	0	0	0	459	
12	0	0	0	0	473	
13	0	0	0	0	552	
14	0	0	0	0	470	
15	0	0	0	0	469	
0	0	0	0	0	440	
1	0	0	0	0	518	
2	0	0	0	0	487	
3	0	0	0	0	536	
4	0	0	0	0	504	
5	0	0	0	0	532	
6	0	0	0	0	620	
7	0	0	0	0	586	
8	0	0	0	0	577	
9	0	0	0	0	544	
10	0	0	0	0	524	
11	0	0	0	0	529	
12	0	0	0	0	521	
13	0	0	0	0	508	
14	0	0	0	0	461	
15	0	0	0	0	511	
0	0	0	0	0	561	
1	0	0	0	0	566	
2	0	0	0	0	608	
3	0	0	0	0	568	
4	0	0	0	0	666	
5	0	0	0	0	565	
6	0	0	0	0	602	
7	0	0	0	0	557	
8	0	0	0	0	453	
9	0	0	0	0	388	
10	0	0	0	0	336	
11	0	0	0	0	365	
12	0	0	0	0	416	
13	0	0	0	0	419	
14	0	0	0	0	401	
15	0	0	0	0	442	
0	0	0	0	0	404	
1	0	0	0	0	411	
2	0	0	0	0	337	
3	0	0	0	0	415	
4	0	0	0	0	449	
5	0	0	0	0	410	
6	0	0	0	0	458	
7	0	0	0	0	496	
8	0	0	0	0	509	
9	0	0	0	0	491	
10	0	0	0	0	492	
11	0	0	0	0	554	
12	0	0	0	0	527	
13	0	0	0	0	623	
14	0	0	0	0	610	
15	0	0	0	0	577	
0	0	0	0	0	641	
1	0	0	0	0	619	
2	0	0	0	0	548	
3	0	0	0	0	525	
4	0	0	0	0	561	
5	0	0	0	0	589	
6	0	0	0	0	544	
7	0	0	0	0	612	
8	0	0	0	0	552	
9	0	0	0	0	510	
10	0	0	0	0	509	
11	0	0	0	0	517	
12	0	0	0	0	534	
13	0	0	0	0	515	
14	0	0	0	0	430	
15	0	0	0	0	455	
0	0	0	0	0	449	
1	0	0	0	0	415	
2	0	0	0	0	452	
3	0	0	0	0	523	
4	0	0	0	0	403	
5	0	0	0	0	431	
6	0	0	0	0	445	
7	0	0	0	0	500	
8	0	0	0	0	549	
9	0	0	0	0	477	
10	0	0	0	0	553	
11	0	0	0	0	519	
12	0	0	0	0	432	
13	0	0	0	0	423	
14	0	0	0	0	535	
15	0	0	0	0	566	
0	0	0	0	0	455	
1	0	0	0	0	460	
2	0	0	0	0	475	
3	0	0	0	0	484	
4	0	0	0	0	481	
5	0	0	0	0	479	
6	0	0	0	0	569	
7	0	0	0	0	533	
8	0	0	0	0	502	
9	0	0	0	0	560	
10	0	0	0	0	557	
11	0	0	0	0	548	
12	0	0	0	0	575	
13	0	0	0	0	442	
14	0	0	0	0	436	
15	0	0	0	0	508	
0	0	0	0	0	444	
1	0	0	0	0	471	
2	0	0	0	0	544	
